0 0
186 186
15 15
1 795
1 2487
1 1086
1 1485
1 1289
1 2297
1 1949
1 212
1 1298
1 535
1 1471
1 98
1 2618
1 95
1 670
2 697
2 712
2 2769
2 464
2 387
2 1674
2 61
2 2367
2 2167
2 2526
2 2055
2 2000
2 941
2 2759
2 2223
3 603
3 867
3 2016
3 307
3 394
3 949
3 476
3 311
3 2303
3 1251
3 984
3 1865
3 899
3 1364
3 855
4 912
4 1430
4 627
4 546
4 1895
4 765
4 2298
4 1219
4 956
4 1388
4 746
4 2104
4 2714
4 275
4 383
5 722
5 1483
5 2581
5 2765
5 1731
5 923
5 1360
5 748
5 2508
5 1886
5 450
5 2339
5 1197
5 960
5 2
6 521
6 2608
6 399
6 1796
6 553
6 1346
6 1186
6 1005
6 1749
6 2205
6 368
6 459
6 1642
6 1156
6 773
7 1595
7 2244
7 991
7 1111
7 2672
7 1204
7 2178
7 1748
7 1661
7 371
7 2265
7 1001
7 2153
7 2780
7 1390
8 1386
8 678
8 2229
8 1237
8 943
8 1687
8 144
8 2777
8 1912
8 962
8 1817
8 2215
8 1344
8 2021
8 2078
9 2282
9 1071
9 2670
9 1998
9 957
9 1880
9 1569
9 2156
9 1663
9 2361
9 2071
9 1267
9 2139
9 734
9 1933
10 1286
10 406
10 2056
10 138
10 1821
10 2013
10 2475
10 2627
10 426
10 207
10 2537
10 1617
10 494
10 594
10 1165
11 1196
11 1240
11 2533
11 2556
11 1905
11 2040
11 741
11 894
11 2201
11 1454
11 1133
11 218
11 1803
11 175
11 853
12 633
12 1442
12 1891
12 2092
12 157
12 1350
12 1015
12 2782
12 2149
12 1464
12 2398
12 1759
12 2088
12 483
12 1127
13 840
13 1300
13 1192
13 2273
13 973
13 334
13 868
13 1453
13 2649
13 81
13 9
13 1984
13 1706
13 2422
13 1699
14 512
14 155
14 2549
14 1646
14 609
14 229
14 1516
14 905
14 1534
14 618
14 1859
14 2220
14 1761
14 2250
14 1174
15 1129
15 1316
15 1602
15 166
15 836
15 40
15 2103
15 2234
15 1988
15 1560
15 225
15 1105
15 445
15 185
15 1499
16 2696
16 177
16 693
16 2068
16 2357
16 1918
16 1835
16 2169
16 283
16 635
16 2144
16 2163
16 190
16 522
16 579
17 2562
17 1181
17 1033
17 1412
17 1318
17 1010
17 743
17 1542
17 1967
17 11
17 1044
17 2745
17 52
17 2145
17 865
18 569
18 2226
18 2058
18 571
18 1917
18 845
18 1445
18 2198
18 2082
18 1916
18 604
18 2507
18 2086
18 1340
18 1215
19 2079
19 1396
19 1457
19 545
19 2062
19 1278
19 976
19 1089
19 2028
19 2328
19 2294
19 1866
19 2611
19 150
19 1243
20 878
20 2444
20 1367
20 2211
20 137
20 2329
20 211
20 84
20 2483
20 2595
20 2125
20 2702
20 2492
20 784
20 1861
21 1093
21 1825
21 1556
21 1417
21 1288
21 1834
21 2739
21 1302
21 2283
21 2291
21 2348
21 1128
21 2695
21 2789
21 413
22 1539
22 2538
22 195
22 1547
22 2659
22 1793
22 676
22 534
22 1558
22 994
22 2073
22 985
22 2772
22 255
22 898
23 1134
23 1956
23 2747
23 825
23 2734
23 920
23 2299
23 971
23 1685
23 87
23 2565
23 2753
23 306
23 1689
23 2723
24 2513
24 1906
24 916
24 1574
24 1413
24 796
24 538
24 2387
24 2451
24 30
24 673
24 711
24 580
24 1791
24 1436
25 2414
25 2685
25 828
25 83
25 1172
25 1684
25 2436
25 1500
25 1387
25 1038
25 1745
25 1695
25 574
25 617
25 1100
26 805
26 2286
26 1087
26 750
26 592
26 2584
26 99
26 1169
26 1434
26 1592
26 2354
26 1253
26 665
26 874
26 64
27 961
27 1365
27 1614
27 2097
27 1979
27 819
27 1503
27 2438
27 1109
27 1562
27 2637
27 2599
27 1048
27 202
27 2647
28 65
28 390
28 2452
28 1020
28 2124
28 2284
28 883
28 1807
28 1362
28 1673
28 1505
28 382
28 1797
28 192
28 2067
29 726
29 2342
29 1488
29 936
29 1971
29 2635
29 1750
29 163
29 2029
29 2505
29 1850
29 1148
29 2199
29 2541
29 2396
30 1700
30 766
30 1675
30 721
30 523
30 2582
30 472
30 2601
30 2485
30 105
30 1990
30 510
30 1760
30 1538
30 2323
31 2207
31 1999
31 219
31 1533
31 1226
31 201
31 2222
31 1164
31 650
31 1315
31 922
31 2171
31 2593
31 509
31 441
32 481
32 2261
32 858
32 2729
32 863
32 152
32 1021
32 262
32 487
32 1950
32 402
32 285
32 2408
32 2575
32 1244
33 1795
33 2172
33 1525
33 1432
33 2489
33 504
33 1559
33 1940
33 1506
33 2262
33 1611
33 2669
33 2033
33 317
33 1697
34 1854
34 1145
34 1183
34 1623
34 1057
34 1285
34 2471
34 433
34 260
34 1200
34 822
34 109
34 1586
34 1902
34 2732
35 2473
35 1840
35 1692
35 1608
35 1828
35 312
35 1252
35 2394
35 1958
35 947
35 1014
35 2120
35 1626
35 489
35 1596
36 1729
36 2499
36 2087
36 25
36 529
36 2352
36 82
36 1420
36 110
36 1309
36 2440
36 1557
36 1473
36 1913
36 1727
37 2279
37 1246
37 2121
37 942
37 547
37 764
37 2009
37 280
37 1079
37 2001
37 1125
37 1221
37 2024
37 236
37 1987
38 1163
38 2546
38 2459
38 1504
38 757
38 1575
38 2168
38 636
38 2585
38 2402
38 982
38 482
38 1023
38 564
38 1632
39 2481
39 1422
39 174
39 2290
39 2539
39 1061
39 2604
39 2135
39 532
39 747
39 1732
39 1162
39 1591
39 2049
39 2036
40 349
40 2018
40 649
40 2500
40 1185
40 1977
40 404
40 2287
40 2386
40 1741
40 2677
40 1384
40 2688
40 161
40 587
41 2122
41 2379
41 2336
41 2102
41 2760
41 2039
41 2006
41 1650
41 2529
41 269
41 282
41 118
41 385
41 591
41 2749
42 1399
42 625
42 1875
42 297
42 343
42 586
42 1736
42 699
42 817
42 1311
42 519
42 1452
42 1161
42 1469
42 302
43 2008
43 2333
43 2776
43 954
43 1773
43 1694
43 2614
43 703
43 2540
43 788
43 419
43 1878
43 809
43 467
43 1025
44 526
44 2486
44 1290
44 2788
44 2731
44 2561
44 2730
44 1394
44 2026
44 2094
44 2705
44 1217
44 2264
44 1455
44 2630
45 1653
45 763
45 332
45 715
45 1701
45 234
45 409
45 324
45 1470
45 2785
45 259
45 2484
45 2311
45 1989
45 151
46 2117
46 1209
46 2640
46 2583
46 1853
46 1228
46 23
46 1785
46 888
46 2521
46 188
46 51
46 1624
46 372
46 2306
47 1532
47 674
47 224
47 2619
47 1691
47 1383
47 786
47 89
47 438
47 2217
47 2415
47 2077
47 1690
47 1418
47 2636
48 1724
48 1743
48 842
48 68
48 2771
48 45
48 429
48 328
48 1449
48 1158
48 342
48 562
48 1391
48 1110
48 682
49 178
49 2708
49 370
49 2192
49 1229
49 2735
49 1182
49 5
49 2680
49 717
49 818
49 1928
49 2428
49 582
49 2150
50 1921
50 2719
50 691
50 2023
50 745
50 910
50 2015
50 1521
50 21
50 258
50 238
50 1976
50 2641
50 2609
50 1260
51 732
51 1564
51 2334
51 1931
51 652
51 1512
51 872
51 1568
51 2191
51 2778
51 2573
51 55
51 1049
51 897
51 1816
52 2425
52 1627
52 2347
52 1297
52 1334
52 626
52 731
52 1900
52 1335
52 2620
52 2568
52 1716
52 2551
52 1508
52 1214
53 2020
53 1131
53 2075
53 2254
53 85
53 2300
53 2351
53 1078
53 597
53 1065
53 180
53 980
53 576
53 203
53 779
54 13
54 2374
54 411
54 706
54 2662
54 1058
54 1753
54 388
54 1375
54 988
54 2756
54 1514
54 39
54 469
54 1222
55 1543
55 1059
55 2463
55 468
55 675
55 997
55 2098
55 600
55 794
55 965
55 1551
55 121
55 2757
55 2093
55 231
56 2478
56 1188
56 2455
56 350
56 2523
56 974
56 2350
56 1677
56 197
56 2054
56 477
56 2155
56 1890
56 1858
56 2141
57 613
57 572
57 233
57 412
57 1974
57 1563
57 284
57 71
57 1389
57 1829
57 1881
57 2373
57 1189
57 1326
57 843
58 791
58 695
58 2170
58 15
58 2603
58 2564
58 1919
58 1231
58 565
58 1771
58 7
58 2011
58 1802
58 631
58 2560
59 1122
59 1723
59 222
59 352
59 132
59 638
59 1180
59 2682
59 1758
59 776
59 833
59 951
59 2495
59 2467
59 761
60 1578
60 1119
60 514
60 880
60 616
60 325
60 1730
60 1064
60 2331
60 2694
60 2675
60 1408
60 442
60 1380
60 366
61 607
61 2164
61 1494
61 1787
61 2175
61 1187
61 2105
61 1223
61 1799
61 632
61 1647
61 2432
61 714
61 1630
61 2327
62 967
62 125
62 1459
62 1130
62 2109
62 1877
62 1017
62 460
62 977
62 298
62 2464
62 377
62 2123
62 2345
62 725
63 2474
63 2605
63 1195
63 418
63 1476
63 1341
63 2179
63 344
63 1873
63 550
63 27
63 2358
63 884
63 713
63 1284
64 1327
64 1363
64 1819
64 1792
64 1686
64 1019
64 1845
64 1339
64 2600
64 1619
64 2598
64 153
64 1720
64 2091
64 684
65 1403
65 838
65 475
65 1385
65 288
65 2257
65 1995
65 975
65 2409
65 1911
65 2403
65 2679
65 1444
65 2161
65 2445
66 1655
66 1767
66 237
66 2063
66 740
66 2770
66 488
66 1085
66 1707
66 1115
66 1225
66 359
66 1588
66 1136
66 1210
67 666
67 333
67 361
67 1670
67 1652
67 2559
67 2391
67 2706
67 581
67 1333
67 465
67 2693
67 1903
67 893
67 1461
68 214
68 2392
68 630
68 657
68 2041
68 2439
68 870
68 96
68 369
68 1566
68 437
68 1205
68 200
68 2740
68 1719
69 1582
69 541
69 2372
69 696
69 2602
69 730
69 2346
69 929
69 194
69 423
69 767
69 162
69 1884
69 1193
69 2536
70 2622
70 1737
70 2032
70 1708
70 1406
70 2407
70 1018
70 2227
70 1631
70 901
70 716
70 1073
70 847
70 655
70 2503
71 1028
71 1141
71 876
71 2116
71 50
71 277
71 2700
71 397
71 2232
71 844
71 570
71 1116
71 226
71 323
71 646
72 1026
72 1519
72 339
72 80
72 191
72 124
72 2127
72 2365
72 1604
72 533
72 2413
72 877
72 1610
72 1718
72 834
73 1477
73 2302
73 1242
73 1757
73 1429
73 1416
73 1168
73 156
73 272
73 149
73 969
73 1804
73 1139
73 122
73 2060
74 948
74 2310
74 823
74 758
74 357
74 2692
74 2249
74 1239
74 1405
74 1035
74 2542
74 573
74 2397
74 2676
74 2243
75 798
75 797
75 119
75 661
75 896
75 1546
75 1530
75 244
75 513
75 400
75 1679
75 710
75 2332
75 106
75 1313
76 511
76 1039
76 793
76 970
76 2349
76 1594
76 1265
76 2673
76 2528
76 644
76 2324
76 1199
76 215
76 2665
76 2381
77 1440
77 335
77 407
77 2623
77 981
77 2210
77 2746
77 1545
77 841
77 1102
77 516
77 983
77 164
77 851
77 2437
78 2741
78 1
78 2047
78 1705
78 964
78 2454
78 2142
78 707
78 1955
78 1667
78 1739
78 78
78 287
78 2689
78 34
79 189
79 2045
79 1837
79 946
79 46
79 1329
79 1502
79 1170
79 1656
79 777
79 2366
79 561
79 1784
79 1458
79 1662
80 1889
80 742
80 2548
80 2434
80 1357
80 446
80 1636
80 2433
80 1657
80 1945
80 176
80 1565
80 405
80 389
80 2420
81 2763
81 2742
81 86
81 31
81 1531
81 1392
81 2496
81 634
81 2089
81 2344
81 827
81 1091
81 2038
81 2517
81 756
82 891
82 700
82 1099
82 860
82 1236
82 1746
82 62
82 2266
82 928
82 2681
82 129
82 1580
82 1348
82 1965
82 780
83 807
83 1639
83 1717
83 540
83 672
83 141
83 120
83 1968
83 223
83 1572
83 1275
83 1342
83 563
83 1397
83 367
84 683
84 772
84 1555
84 1926
84 2699
84 1351
84 2698
84 100
84 1271
84 733
84 2703
84 88
84 2193
84 915
84 1419
85 2048
85 735
85 321
85 127
85 2293
85 1615
85 590
85 677
85 63
85 1227
85 2515
85 2289
85 12
85 1056
85 938
86 639
86 1599
86 2768
86 410
86 135
86 837
86 2579
86 2479
86 58
86 2683
86 1975
86 1844
86 2213
86 2369
86 1541
87 515
87 2136
87 2470
87 1754
87 1140
87 1742
87 2237
87 1456
87 73
87 2586
87 866
87 1101
87 1002
87 1869
87 619
88 2292
88 2238
88 2504
88 2185
88 273
88 1463
88 1381
88 1806
88 2710
88 1378
88 2383
88 1439
88 2468
88 1325
88 1272
89 1259
89 1132
89 1920
89 1142
89 497
89 1294
89 454
89 1349
89 439
89 1220
89 869
89 739
89 435
89 2209
89 1370
90 1616
90 1786
90 360
90 1665
90 1808
90 1776
90 1467
90 1055
90 2596
90 1371
90 1937
90 2650
90 47
90 421
90 1598
91 24
91 1050
91 2025
91 2202
91 1238
91 1321
91 1794
91 1585
91 1143
91 749
91 6
91 1927
91 1957
91 2569
91 2259
92 2152
92 552
92 1721
92 662
92 2053
92 490
92 2195
92 2522
92 356
92 94
92 806
92 2130
92 1009
92 319
92 1849
93 1996
93 2100
93 1901
93 895
93 295
93 2448
93 2624
93 1907
93 146
93 2472
93 2449
93 205
93 558
93 1671
93 1179
94 1550
94 1281
94 2295
94 1651
94 376
94 107
94 1407
94 2629
94 606
94 337
94 16
94 2337
94 709
94 2271
94 57
95 611
95 637
95 91
95 944
95 373
95 2368
95 1074
95 705
95 2385
95 1523
95 29
95 1307
95 536
95 1022
95 268
96 1887
96 2037
96 1042
96 2081
96 2786
96 1666
96 690
96 1304
96 2330
96 1681
96 723
96 1108
96 1347
96 322
96 1404
97 279
97 22
97 909
97 620
97 2108
97 2034
97 1336
97 1123
97 1959
97 549
97 2002
97 1517
97 2617
97 692
97 18
98 1625
98 2019
98 1498
98 254
98 338
98 101
98 2314
98 527
98 1258
98 2589
98 875
98 1581
98 2552
98 2276
98 760
99 1194
99 2064
99 2488
99 648
99 2610
99 2580
99 1303
99 1435
99 2524
99 1855
99 1447
99 2755
99 873
99 1144
99 2151
100 596
100 850
100 2184
100 1106
100 2509
100 1438
100 986
100 800
100 548
100 848
100 2382
100 729
100 2390
100 1402
100 245
101 1040
101 1004
101 892
101 653
101 658
101 1904
101 43
101 2514
101 220
101 1780
101 2410
101 1640
101 345
101 291
101 1848
102 2631
102 243
102 2690
102 271
102 679
102 911
102 1150
102 1524
102 2288
102 2658
102 451
102 2355
102 1006
102 1203
102 1969
103 396
103 1635
103 1711
103 2417
103 92
103 958
103 1293
103 998
103 2530
103 2648
103 2263
103 1954
103 2613
103 1942
103 1077
104 1322
104 2216
104 1733
104 1070
104 1769
104 2566
104 588
104 154
104 69
104 2666
104 1248
104 1206
104 680
104 1124
104 2325
105 1638
105 2393
105 1752
105 1359
105 1368
105 1590
105 456
105 432
105 1117
105 1120
105 299
105 2221
105 33
105 824
105 320
106 2200
106 989
106 1250
106 754
106 1772
106 1314
106 249
106 2252
106 585
106 829
106 114
106 147
106 1980
106 1744
106 903
107 1171
107 1924
107 2240
107 2395
107 879
107 1159
107 792
107 593
107 1398
107 979
107 2010
107 2543
107 2427
107 1600
107 204
108 76
108 694
108 2066
108 10
108 401
108 90
108 2132
108 881
108 2615
108 1584
108 2248
108 2143
108 1092
108 1354
108 1789
109 182
109 1888
109 2186
109 2107
109 1609
109 623
109 395
109 139
109 1216
109 179
109 330
109 567
109 503
109 303
109 1973
110 2506
110 2005
110 2057
110 575
110 463
110 364
110 1823
110 485
110 2027
110 2296
110 2235
110 2761
110 2497
110 250
110 2378
111 1486
111 2335
111 232
111 265
111 2571
111 624
111 1520
111 351
111 671
111 801
111 230
111 963
111 67
111 525
111 1306
112 2453
112 158
112 820
112 1809
112 518
112 1511
112 1114
112 470
112 242
112 2173
112 559
112 1567
112 1751
112 1668
112 768
113 1774
113 130
113 931
113 2353
113 1177
113 1770
113 28
113 1095
113 2480
113 1489
113 1331
113 2737
113 1899
113 1637
113 74
114 1696
114 111
114 1152
114 1522
114 134
114 2748
114 1605
114 1712
114 900
114 1495
114 2376
114 704
114 1703
114 41
114 1103
115 2253
115 953
115 1946
115 2520
115 1369
115 112
115 2766
115 240
115 1184
115 968
115 1846
115 642
115 1211
115 2389
115 1224
116 2190
116 1932
116 1230
116 1978
116 2633
116 2196
116 173
116 2208
116 1811
116 2268
116 1660
116 1518
116 2384
116 2371
116 2450
117 2687
117 2230
117 508
117 1818
117 496
117 2110
117 2003
117 2076
117 1269
117 2726
117 140
117 992
117 2419
117 392
117 1012
118 1264
118 327
118 557
118 2061
118 2072
118 846
118 2258
118 621
118 628
118 2099
118 1254
118 554
118 1964
118 1756
118 2783
119 2773
119 610
119 1885
119 1465
119 1382
119 2362
119 2743
119 1947
119 447
119 329
119 296
119 171
119 1151
119 1016
119 2531
120 1606
120 1540
120 1782
120 2177
120 1935
120 701
120 1864
120 60
120 2274
120 304
120 1043
120 1332
120 1698
120 1860
120 1893
121 1166
121 520
121 2183
121 720
121 116
121 1897
121 289
121 1032
121 159
121 1843
121 2781
121 651
121 935
121 2645
121 2181
122 1295
122 859
122 353
122 959
122 1424
122 1634
122 53
122 1991
122 937
122 832
122 1081
122 2430
122 2133
122 172
122 1433
123 398
123 462
123 2022
123 346
123 213
123 2084
123 2457
123 2638
123 436
123 2158
123 727
123 251
123 804
123 1493
123 2219
124 1925
124 1366
124 528
124 778
124 2709
124 1892
124 1029
124 167
124 2316
124 2090
124 774
124 2411
124 643
124 186
124 2050
125 354
125 2570
125 1768
125 2652
125 1709
125 1728
125 1985
125 1277
125 1775
125 1871
125 2166
125 2711
125 507
125 1993
125 66
126 2231
126 1938
126 2554
126 1273
126 424
126 2738
126 1299
126 1478
126 1135
126 2606
126 2275
126 2115
126 1466
126 2272
126 493
127 2134
127 1283
127 1833
127 495
127 19
127 1482
127 1507
127 440
127 2137
127 2059
127 478
127 2576
127 787
127 555
127 1654
128 1310
128 14
128 544
128 2309
128 93
128 44
128 2557
128 2567
128 1552
128 2550
128 852
128 759
128 104
128 2197
128 375
129 209
129 887
129 2660
129 2469
129 103
129 577
129 2466
129 1207
129 1479
129 904
129 455
129 1824
129 864
129 2043
129 2512
130 56
130 1320
130 70
130 1051
130 1330
130 2364
130 1361
130 1047
130 656
130 2642
130 128
130 2490
130 1589
130 1658
130 2547
131 999
131 1683
131 659
131 2532
131 358
131 492
131 1620
131 1218
131 1548
131 2338
131 347
131 1597
131 2461
131 2187
131 381
132 755
132 1305
132 1030
132 1832
132 2456
132 32
132 1587
132 1212
132 228
132 2278
132 921
132 2667
132 2017
132 257
132 1427
133 966
133 1613
133 1490
133 2572
133 940
133 1060
133 248
133 826
133 669
133 2563
133 2182
133 1659
133 208
133 1475
133 2267
134 831
134 1939
134 1176
134 1024
134 1468
134 2304
134 952
134 1041
134 340
134 2285
134 1762
134 551
134 1962
134 688
134 2308
135 48
135 499
135 2477
135 1147
135 1510
135 187
135 2713
135 2727
135 1812
135 2085
135 1735
135 2447
135 2228
135 491
135 1415
136 2214
136 856
136 2750
136 2212
136 1951
136 2721
136 2460
136 1492
136 2014
136 811
136 1528
136 2180
136 2404
136 267
136 241
137 1279
137 2004
137 2245
137 1936
137 2516
137 1323
137 2119
137 2042
137 647
137 501
137 972
137 1262
137 2146
137 1045
137 196
138 2423
138 210
138 77
138 1379
138 1373
138 1080
138 1076
138 2218
138 2784
138 2313
138 2114
138 614
138 2431
138 950
138 2106
139 2031
139 1702
139 584
139 2465
139 37
139 1425
139 2634
139 1410
139 1411
139 256
139 2616
139 75
139 1008
139 1034
139 414
140 2148
140 1909
140 930
140 2341
140 789
140 2674
140 566
140 689
140 599
140 2162
140 1084
140 2691
140 2592
140 2553
140 305
141 2718
141 479
141 2704
141 1261
141 2518
141 247
141 2188
141 1997
141 1287
141 945
141 1232
141 181
141 1934
141 917
141 290
142 1922
142 1046
142 934
142 542
142 2206
142 1266
142 1317
142 664
142 1680
142 461
142 1376
142 2251
142 1704
142 2511
142 1301
143 2577
143 854
143 1036
143 1688
143 362
143 2590
143 1549
143 264
143 2128
143 2318
143 2435
143 803
143 782
143 736
143 1788
144 2744
144 341
144 1847
144 1501
144 293
144 530
144 2525
144 276
144 1104
144 2070
144 595
144 374
144 1356
144 415
144 1944
145 184
145 1856
145 812
145 113
145 862
145 926
145 1801
145 160
145 227
145 1830
145 1593
145 1800
145 1443
145 336
145 932
146 2716
146 1715
146 751
146 2725
146 2326
146 35
146 444
146 2241
146 355
146 2544
146 1491
146 1068
146 2519
146 457
146 2535
147 775
147 1857
147 1352
147 2160
147 2096
147 1612
147 2443
147 2494
147 315
147 2363
147 830
147 1781
147 1121
147 221
147 1992
148 2194
148 1372
148 2380
148 2643
148 2388
148 1765
148 2493
148 762
148 2370
148 1622
148 908
148 2779
148 2668
148 543
148 808
149 990
149 2065
149 914
149 2129
149 2247
149 2225
149 1923
149 136
149 502
149 2657
149 2140
149 142
149 1423
149 1649
149 168
150 2405
150 2651
150 1270
150 1527
150 1480
150 1446
150 1815
150 2269
150 2663
150 1063
150 2588
150 668
150 1241
150 598
150 2147
151 1981
151 2758
151 1460
151 49
151 1883
151 2157
151 2412
151 2555
151 117
151 1345
151 1066
151 36
151 1513
151 1798
151 1247
152 1648
152 2476
152 1249
152 919
152 1515
152 2236
152 1098
152 474
152 2625
152 1075
152 1202
152 473
152 1629
152 1553
152 1982
153 1053
153 2762
153 2113
153 2646
153 309
153 1826
153 744
153 2442
153 1783
153 2426
153 601
153 1154
153 506
153 1090
153 2491
154 2707
154 131
154 2069
154 1952
154 2224
154 560
154 1972
154 2138
154 427
154 278
154 781
154 687
154 393
154 1544
154 1644
155 906
155 1930
155 1535
155 2012
155 2315
155 2751
155 1451
155 1894
155 2684
155 1960
155 2401
155 2733
155 318
155 1842
155 1496
156 1863
156 1948
156 1426
156 1358
156 26
156 2558
156 1645
156 79
156 849
156 602
156 2712
156 348
156 1554
156 1896
156 216
157 2159
157 417
157 143
157 2035
157 799
157 235
157 59
157 1682
157 54
157 193
157 148
157 698
157 1966
157 2270
157 2501
158 608
158 1576
158 1088
158 861
158 641
158 1395
158 1437
158 380
158 1607
158 1779
158 416
158 667
158 199
158 1263
158 2720
159 770
159 1813
159 987
159 871
159 810
159 724
159 1669
159 902
159 857
159 2527
159 1069
159 1577
159 2654
159 2545
159 2790
160 1000
160 1096
160 1208
160 1983
160 2664
160 718
160 2174
160 42
160 301
160 108
160 1570
160 1235
160 2101
160 2655
160 995
161 1509
161 2626
161 2462
161 1191
161 1462
161 2360
161 1678
161 1641
161 1256
161 1970
161 1876
161 686
161 839
161 685
161 1963
162 1337
162 1245
162 169
162 1874
162 1431
162 913
162 1173
162 253
162 1537
162 663
162 2736
162 448
162 1003
162 263
162 1067
163 1113
163 126
163 2030
163 505
163 1013
163 1474
163 2775
163 790
163 310
163 2639
163 816
163 183
163 1037
163 1157
163 1676
164 1986
164 1805
164 1882
164 622
164 1693
164 2441
164 1867
164 1908
164 1910
164 2320
164 145
164 1149
164 1393
164 771
164 1994
165 1400
165 719
165 1062
165 466
165 815
165 452
165 2305
165 1790
165 2701
165 1072
165 2239
165 266
165 1740
165 2154
165 889
166 331
166 2418
166 1421
166 769
166 2661
166 2498
166 2307
166 1879
166 500
166 993
166 1583
166 2322
166 217
166 326
166 785
167 517
167 1107
167 2112
167 1529
167 2095
167 1146
167 2255
167 1838
167 2421
167 1052
167 3
167 1112
167 1118
167 480
167 384
168 1082
168 2280
168 2612
168 2482
168 1487
168 1810
168 2671
168 17
168 1213
168 1255
168 286
168 1870
168 1852
168 1725
168 1628
169 2340
169 1448
169 1234
169 1160
169 484
169 737
169 1094
169 425
169 1763
169 1536
169 1633
169 1820
169 2242
169 308
169 2644
170 2728
170 924
170 1836
170 1274
170 1338
170 1374
170 165
170 1324
170 2281
170 1827
170 2754
170 1233
170 1153
170 1257
170 2653
171 578
171 1178
171 907
171 133
171 1710
171 420
171 1450
171 886
171 1722
171 1851
171 612
171 890
171 2277
171 2578
171 939
172 1618
172 471
172 738
172 1953
172 1755
172 2764
172 2189
172 1814
172 2722
172 378
172 314
172 2260
172 2176
172 2377
172 2126
173 1312
173 1664
173 568
173 170
173 8
173 386
173 814
173 556
173 2301
173 524
173 2052
173 1481
173 1343
173 1822
173 1377
174 660
174 1777
174 2597
174 458
174 2502
174 1914
174 379
174 2697
174 453
174 292
174 2587
174 1764
174 821
174 2319
174 1198
175 1943
175 1738
175 1353
175 239
175 102
175 2678
175 1841
175 2051
175 281
175 443
175 2080
175 430
175 1126
175 97
175 918
176 2321
176 1031
176 363
176 4
176 2406
176 1872
176 2165
176 2074
176 1409
176 1308
176 645
176 2111
176 408
176 2399
176 391
177 1175
177 365
177 1526
177 2246
177 261
177 316
177 2424
177 38
177 2375
177 1766
177 313
177 1621
177 1561
177 2131
177 2204
178 422
178 1714
178 615
178 1138
178 2752
178 708
178 1778
178 783
178 1868
178 1497
178 2458
178 654
178 498
178 2083
178 882
179 2632
179 2343
179 1201
179 629
179 2607
179 300
179 20
179 2044
179 1328
179 2621
179 1319
179 1441
179 1007
179 2400
179 2686
180 1472
180 246
180 294
180 583
180 206
180 1097
180 1282
180 2118
180 1428
180 2007
180 1291
180 1961
180 2446
180 1155
180 1831
181 752
181 925
181 589
181 403
181 1276
181 252
181 428
181 2233
181 933
181 1915
181 1268
181 2046
181 2356
181 1839
181 1862
182 1167
182 2359
182 2594
182 72
182 1601
182 1643
182 605
182 198
182 1898
182 1941
182 115
182 1571
182 728
182 2656
182 2774
183 2787
183 2317
183 1296
183 640
183 702
183 1414
183 1573
183 2767
183 537
183 1603
183 274
183 486
183 2416
183 2510
183 123
184 2574
184 885
184 531
184 2534
184 1726
184 1011
184 1484
184 1054
184 813
184 1401
184 1280
184 2591
184 978
184 681
184 2724
185 1713
185 1190
185 2429
185 1027
185 1292
185 1929
185 434
185 996
185 1579
185 1672
185 2203
185 1083
185 1355
185 802
185 2715
186 1734
186 2717
186 835
186 2256
186 927
186 539
186 431
186 449
186 955
186 1747
186 2312
186 1137
186 2628
186 270
186 753
1 5424
1 4375
1 5204
1 3702
1 3823
1 3732
1 3106
1 3727
1 4765
1 4305
1 2900
1 3871
1 4557
1 3088
1 3620
2 3557
2 2928
2 3605
2 4600
2 3878
2 4693
2 4855
2 5127
2 3121
2 5462
2 5130
2 4384
2 4008
2 3251
2 2914
3 3258
3 3417
3 3900
3 4597
3 5351
3 3936
3 5540
3 3779
3 4022
3 4943
3 3367
3 4659
3 4857
3 4721
3 3800
4 4692
4 5225
4 4060
4 5083
4 4699
4 3452
4 4263
4 5151
4 5479
4 3837
4 4969
4 5258
4 3482
4 2902
4 4003
5 3039
5 4241
5 3507
5 4556
5 3882
5 4941
5 4389
5 4992
5 2823
5 5409
5 3542
5 4218
5 2993
5 4871
5 4963
6 4409
6 4550
6 3739
6 5378
6 4407
6 4410
6 4253
6 3798
6 3536
6 4474
6 4128
6 3254
6 3591
6 5379
6 4815
7 4568
7 5140
7 4379
7 3638
7 4023
7 4262
7 4722
7 4018
7 3309
7 4862
7 3931
7 3341
7 3295
7 5237
7 4369
8 2838
8 4525
8 5502
8 4019
8 4431
8 3893
8 3830
8 3354
8 4979
8 4968
8 4785
8 4321
8 5143
8 3242
8 3658
9 3111
9 4926
9 4062
9 4901
9 4112
9 4325
9 5082
9 2889
9 3545
9 3828
9 4792
9 3043
9 5565
9 4613
9 3637
10 3601
10 5090
10 3072
10 5426
10 4570
10 4025
10 4935
10 4775
10 4863
10 5519
10 3099
10 4086
10 5068
10 4401
10 4448
11 4011
11 3810
11 3889
11 3377
11 4244
11 3587
11 4217
11 4130
11 3645
11 3125
11 4397
11 3332
11 3589
11 4678
11 5521
12 4396
12 3080
12 3019
12 4374
12 4355
12 4716
12 3274
12 4788
12 3617
12 3342
12 3769
12 3968
12 5039
12 5094
12 4320
13 3953
13 3505
13 4835
13 3241
13 3102
13 5382
13 3149
13 3404
13 3785
13 3124
13 3134
13 4680
13 3516
13 3537
13 4668
14 5512
14 3926
14 4888
14 4443
14 5215
14 4465
14 3861
14 5534
14 5111
14 3767
14 3197
14 5091
14 3014
14 5535
14 3818
15 4783
15 3986
15 4190
15 3273
15 3358
15 5517
15 3670
15 5450
15 5335
15 4990
15 3167
15 4630
15 5217
15 2955
15 4199
16 3143
16 3071
16 5574
16 4250
16 5405
16 3416
16 4970
16 4352
16 5153
16 5470
16 3754
16 4081
16 3405
16 3104
16 3535
17 5361
17 4134
17 2920
17 4761
17 3034
17 3809
17 3599
17 3640
17 5055
17 5192
17 3237
17 2952
17 3176
17 2994
17 4295
18 4214
18 3408
18 3252
18 2990
18 4457
18 2822
18 3595
18 5003
18 5395
18 5297
18 3905
18 5358
18 4784
18 3980
18 5129
19 4515
19 3517
19 5184
19 4538
19 4497
19 3188
19 4044
19 4694
19 4950
19 5370
19 3100
19 4610
19 5013
19 4682
19 4798
20 3556
20 4289
20 3714
20 3040
20 4897
20 4475
20 5154
20 4930
20 3650
20 5497
20 4750
20 3073
20 3740
20 3788
20 2831
21 3287
21 4284
21 3399
21 4564
21 4085
21 5365
21 2938
21 5438
21 4359
21 3824
21 4723
21 3885
21 3236
21 5216
21 5162
22 4276
22 5286
22 5380
22 4914
22 3020
22 3618
22 4430
22 2839
22 3366
22 4670
22 4201
22 4928
22 5231
22 3200
22 3520
23 5287
23 3962
23 3629
23 4892
23 5144
23 3231
23 4466
23 5282
23 4576
23 3701
23 5265
23 4427
23 4676
23 3669
23 3619
24 2864
24 4482
24 4959
24 3440
24 5174
24 5066
24 3890
24 5288
24 4580
24 4711
24 2968
24 3991
24 4243
24 2834
24 3509
25 3624
25 3391
25 4162
25 4388
25 4934
25 4572
25 2943
25 3494
25 4042
25 3961
25 4084
25 4033
25 3347
25 3518
25 3268
26 3335
26 4545
26 3782
26 4161
26 3256
26 4014
26 3838
26 3382
26 5373
26 4215
26 3979
26 5261
26 4038
26 5182
26 5294
27 4951
27 5168
27 3694
27 4016
27 4696
27 5000
27 2881
27 3128
27 3566
27 3478
27 4922
27 3328
27 5528
27 4041
27 4208
28 3913
28 3063
28 3707
28 3306
28 3035
28 5567
28 4303
28 3007
28 4664
28 3218
28 5293
28 3253
28 3313
28 2984
28 3873
29 4981
29 3383
29 3436
29 5209
29 3026
29 4880
29 3531
29 4425
29 4277
29 2878
29 4216
29 2841
29 4697
29 3352
29 4347
30 5065
30 5268
30 5522
30 4282
30 4975
30 3665
30 5114
30 2884
30 4800
30 4651
30 3872
30 5526
30 4878
30 4083
30 5414
31 3178
31 4159
31 3899
31 3255
31 3639
31 2921
31 3302
31 3797
31 5109
31 4971
31 5308
31 3442
31 5158
31 5336
31 5229
32 3533
32 4437
32 4911
32 4918
32 3012
32 4952
32 3330
32 4691
32 3370
32 3215
32 2946
32 4908
32 2995
32 5560
32 3360
33 2911
33 4606
33 3488
33 3340
33 5044
33 3247
33 4174
33 5035
33 2922
33 3734
33 4423
33 4593
33 4942
33 5198
33 3661
34 2861
34 3257
34 4742
34 4235
34 2873
34 4143
34 3887
34 3529
34 4188
34 3921
34 3577
34 4078
34 4109
34 5331
34 3997
35 3729
35 3286
35 4591
35 4565
35 4642
35 3696
35 3815
35 3525
35 5256
35 3522
35 2972
35 3772
35 4614
35 5530
35 4598
36 3499
36 4172
36 3398
36 4319
36 2872
36 3345
36 5408
36 3480
36 5484
36 5388
36 3290
36 4129
36 3687
36 3183
36 3119
37 5219
37 3131
37 3056
37 5527
37 5022
37 3949
37 4017
37 4452
37 3337
37 3152
37 4947
37 4158
37 4228
37 3033
37 3154
38 3910
38 4336
38 4875
38 5334
38 4702
38 5180
38 3489
38 2958
38 3454
38 3821
38 2885
38 3649
38 4264
38 4719
38 4633
39 3588
39 5348
39 3343
39 3419
39 4864
39 4156
39 4688
39 4706
39 3338
39 3070
39 3045
39 3975
39 3293
39 5169
39 3877
40 5034
40 4296
40 4511
40 2802
40 4611
40 3981
40 3189
40 3477
40 3010
40 3539
40 4351
40 4954
40 3303
40 3065
40 3109
41 5163
41 4342
41 4532
41 2804
41 3526
41 3449
41 3117
41 5159
41 3717
41 5206
41 5536
41 3817
41 4796
41 4256
41 5071
42 3642
42 3451
42 3610
42 4508
42 3201
42 2894
42 4745
42 4997
42 5542
42 4192
42 2901
42 4709
42 3750
42 4743
42 4683
43 5173
43 5325
43 5452
43 3604
43 3925
43 3066
43 3808
43 3030
43 4713
43 4759
43 5073
43 3515
43 3719
43 3523
43 4510
44 4120
44 3334
44 5546
44 3875
44 3476
44 3586
44 4831
44 5407
44 2842
44 3930
44 3005
44 3608
44 3955
44 2992
44 4121
45 5125
45 3263
45 2891
45 3544
45 4778
45 3000
45 4770
45 3747
45 3611
45 2950
45 3108
45 4961
45 5428
45 3929
45 4197
46 2863
46 3541
46 4870
46 4439
46 4993
46 5463
46 3585
46 5550
46 4546
46 4562
46 5165
46 2880
46 4230
46 3963
46 3759
47 3142
47 3716
47 4185
47 5505
47 5041
47 4447
47 3042
47 3633
47 3923
47 4287
47 5020
47 3103
47 5457
47 3173
47 4830
48 2980
48 3780
48 4657
48 3880
48 3396
48 3060
48 3760
48 4669
48 3723
48 4333
48 3813
48 4823
48 3826
48 4393
48 3402
49 3157
49 5015
49 4681
49 5327
49 4917
49 4052
49 4373
49 3114
49 4170
49 5307
49 5275
49 5570
49 4222
49 4350
49 3443
50 3292
50 4467
50 4763
50 3842
50 2979
50 4055
50 3996
50 4238
50 5442
50 5385
50 3078
50 5579
50 3857
50 3446
50 4624
51 3205
51 3549
51 4553
51 3579
51 5212
51 4302
51 3311
51 3774
51 4632
51 3501
51 5223
51 2983
51 4219
51 3547
51 3655
52 5393
52 3445
52 2858
52 4181
52 5072
52 3089
52 4845
52 3721
52 3098
52 2793
52 5075
52 2925
52 5507
52 3574
52 5339
53 3403
53 3318
53 4787
53 3664
53 4492
53 4526
53 3731
53 4853
53 3227
53 5456
53 4265
53 4725
53 2814
53 5211
53 5026
54 3298
54 3192
54 2959
54 4945
54 3685
54 3444
54 3430
54 3755
54 4673
54 3864
54 3062
54 4859
54 4463
54 4982
54 4054
55 5263
55 4454
55 3746
55 3470
55 4150
55 5433
55 4343
55 4838
55 3151
55 4405
55 4065
55 4189
55 3087
55 3615
55 4654
56 3387
56 5053
56 5176
56 5316
56 4741
56 3423
56 3592
56 4626
56 3744
56 3672
56 4902
56 2883
56 4223
56 3995
56 4040
57 3054
57 3276
57 4921
57 3705
57 3952
57 5346
57 5266
57 4138
57 3884
57 4212
57 4015
57 3492
57 5445
57 4160
57 4145
58 5491
58 5188
58 5487
58 5016
58 4271
58 3378
58 3548
58 4122
58 4485
58 5374
58 4559
58 5516
58 4102
58 5028
58 5310
59 4213
59 4428
59 2806
59 5099
59 3472
59 2835
59 4406
59 4043
59 3107
59 3959
59 4493
59 3208
59 4505
59 4937
59 5270
60 5471
60 3840
60 5024
60 4548
60 5341
60 4308
60 4749
60 3432
60 5224
60 4057
60 3324
60 4141
60 4061
60 4414
60 3424
61 4589
61 3674
61 3028
61 4608
61 3369
61 4513
61 3375
61 3976
61 2977
61 3607
61 4583
61 4491
61 5252
61 4034
61 4103
62 3259
62 5049
62 5242
62 3474
62 5193
62 3745
62 5539
62 2954
62 4860
62 5115
62 4609
62 3812
62 4123
62 4195
62 2807
63 4724
63 4734
63 3845
63 2798
63 3908
63 2877
63 4813
63 3676
63 3193
63 4521
63 4286
63 4514
63 3331
63 5280
63 4650
64 4965
64 3381
64 2812
64 5580
64 4187
64 5466
64 4509
64 3801
64 3004
64 5345
64 3165
64 3766
64 3613
64 3379
64 4349
65 4499
65 2879
65 4984
65 4180
65 4444
65 5520
65 3866
65 3951
65 5257
65 4603
65 3067
65 5415
65 3074
65 5051
65 5432
66 5255
66 3390
66 5262
66 4088
66 4378
66 3123
66 3819
66 5482
66 4735
66 4747
66 5524
66 4260
66 4707
66 5210
66 4000
67 4881
67 3978
67 4829
67 5532
67 2970
67 5107
67 4006
67 3285
67 4851
67 4416
67 5353
67 5234
67 3314
67 5531
67 3412
68 3512
68 4573
68 4028
68 5439
68 4269
68 3238
68 4279
68 3977
68 3172
68 4894
68 4119
68 3806
68 4280
68 3726
68 3487
69 4070
69 2859
69 3839
69 3047
69 5552
69 4786
69 5047
69 4458
69 3927
69 3429
69 3278
69 4647
69 4125
69 3647
69 4364
70 5444
70 2905
70 4056
70 4472
70 4335
70 2961
70 4329
70 4127
70 4938
70 4594
70 5032
70 4412
70 3625
70 2978
70 3112
71 2797
71 3269
71 4434
71 4500
71 3663
71 4051
71 2893
71 3940
71 2964
71 3435
71 2975
71 3836
71 4662
71 3467
71 3917
72 4507
72 3513
72 5375
72 3563
72 3015
72 4281
72 3473
72 4097
72 3032
72 4066
72 4552
72 3906
72 3985
72 5333
72 3141
73 3101
73 4615
73 4155
73 4126
73 4718
73 4314
73 3935
73 5357
73 4663
73 3024
73 5495
73 3868
73 4408
73 4710
73 5420
74 5128
74 2976
74 4234
74 4869
74 5048
74 4844
74 5305
74 5446
74 3508
74 4923
74 3388
74 5112
74 4024
74 5513
74 4661
75 4641
75 3627
75 3718
75 4777
75 3357
75 4385
75 3946
75 3249
75 3291
75 3914
75 4288
75 5460
75 5312
75 5366
75 5498
76 3266
76 4390
76 3553
76 4094
76 4985
76 3368
76 2791
76 5481
76 3602
76 2843
76 5102
76 4254
76 5317
76 3138
76 2916
77 2953
77 3916
77 5559
77 4106
77 4738
77 4854
77 3956
77 5117
77 3246
77 4544
77 3753
77 2830
77 5458
77 3038
77 4027
78 3401
78 3693
78 2816
78 5480
78 4013
78 5136
78 2897
78 2792
78 4139
78 4927
78 5321
78 5181
78 4148
78 3483
78 5538
79 2853
79 4655
79 4732
79 4110
79 5126
79 4569
79 4440
79 3847
79 4848
79 5386
79 3011
79 4988
79 3851
79 5247
79 5344
80 3636
80 4842
80 3465
80 5303
80 4323
80 2923
80 3096
80 5089
80 3713
80 4977
80 4774
80 4331
80 3790
80 4211
80 4268
81 3918
81 4382
81 4346
81 4705
81 2931
81 5418
81 4976
81 3456
81 4931
81 3441
81 3909
81 3394
81 3628
81 3632
81 5455
82 5172
82 3775
82 4422
82 5430
82 5103
82 5241
82 5572
82 3457
82 5095
82 3325
82 5291
82 2869
82 4067
82 4858
82 5050
83 3450
83 4315
83 3943
83 4471
83 3616
83 4366
83 4297
83 4326
83 2870
83 5397
83 4310
83 5161
83 4117
83 3902
83 2896
84 3481
84 3122
84 4298
84 4231
84 3742
84 5434
84 4755
84 5187
84 3136
84 5496
84 4760
84 4173
84 4460
84 5220
84 3891
85 3844
85 3799
85 3364
85 3307
85 3497
85 4999
85 5398
85 3597
85 4574
85 5329
85 3796
85 4363
85 4612
85 5278
85 4517
86 3898
86 4530
86 4585
86 3484
86 3540
86 4584
86 5203
86 4377
86 5079
86 4169
86 3712
86 2904
86 4577
86 5544
86 4779
87 3363
87 4715
87 5465
87 5157
87 2898
87 3180
87 3947
87 4915
87 4527
87 2895
87 4998
87 4866
87 4455
87 4483
87 5120
88 3841
88 3565
88 2817
88 5271
88 5413
88 5421
88 4334
88 5301
88 3562
88 3137
88 4850
88 4368
88 3225
88 3710
88 4675
89 5246
89 5156
89 4039
89 5052
89 5254
89 2991
89 4398
89 3195
89 3221
89 5031
89 3919
89 2947
89 3234
89 3490
89 4666
90 3027
90 4587
90 5011
90 4446
90 4220
90 4604
90 5132
90 2795
90 3622
90 4108
90 2846
90 5352
90 5391
90 4064
90 5238
91 3439
91 2924
91 4983
91 5189
91 5194
91 5425
91 3091
91 3814
91 3555
91 2973
91 3776
91 3029
91 5006
91 3922
91 3942
92 3659
92 5267
92 3365
92 3680
92 5036
92 4259
92 4531
92 2929
92 3684
92 4273
92 2796
92 2935
92 3468
92 2882
92 3804
93 5021
93 5545
93 3159
93 3736
93 4637
93 3229
93 4473
93 3126
93 3803
93 5142
93 2854
93 4207
93 3966
93 5510
93 3050
94 3079
94 3113
94 4549
94 3057
94 5556
94 4635
94 4075
94 3623
94 3148
94 3321
94 5027
94 4118
94 4810
94 3834
94 4476
95 3958
95 4204
95 2987
95 2866
95 5350
95 4068
95 5191
95 3765
95 4824
95 5347
95 5134
95 5008
95 3722
95 4821
95 3989
96 2945
96 4353
96 4224
96 2827
96 5077
96 3083
96 5328
96 4073
96 5490
96 3250
96 4955
96 4432
96 2956
96 2868
96 3198
97 4822
97 4168
97 3410
97 4451
97 3181
97 4387
97 3598
97 3214
97 5396
97 4781
97 3351
97 5239
97 3835
97 4966
97 3816
98 3479
98 4729
98 4111
98 5423
98 2874
98 3240
98 5195
98 3892
98 5464
98 5309
98 4091
98 3448
98 3825
98 4032
98 4050
99 4371
99 4867
99 4665
99 4686
99 5196
99 4920
99 4762
99 3022
99 4237
99 3831
99 2962
99 5064
99 5274
99 4306
99 5554
100 3994
100 3789
100 3791
100 4801
100 4837
100 5012
100 5100
100 2852
100 5018
100 5571
100 4506
100 5511
100 2805
100 4418
100 5295
101 3037
101 5208
101 5419
101 3572
101 3175
101 4285
101 3511
101 5092
101 4124
101 4542
101 3738
101 5575
101 5097
101 3626
101 5368
102 5152
102 5509
102 4596
102 4677
102 5435
102 4098
102 3168
102 3879
102 5093
102 4905
102 4912
102 2957
102 4010
102 4036
102 4537
103 3937
103 4245
103 5062
103 5349
103 4404
103 5033
103 2828
103 3055
103 5541
103 2888
103 4522
103 5259
103 2815
103 2948
103 3748
104 3217
104 4728
104 3312
104 4135
104 3196
104 5177
104 3376
104 4752
104 4095
104 4099
104 3854
104 3421
104 4035
104 5054
104 4376
105 3886
105 4007
105 4856
105 5447
105 3870
105 5296
105 3895
105 3903
105 5451
105 4045
105 3392
105 4096
105 3960
105 3570
105 3206
106 2860
106 3462
106 4246
106 3174
106 4731
106 3322
106 3551
106 3751
106 4292
106 5116
106 2829
106 4488
106 5566
106 4690
106 3296
107 5078
107 4104
107 4620
107 2908
107 2837
107 4689
107 5478
107 3380
107 5228
107 3077
107 4001
107 4504
107 3385
107 3999
107 3673
108 5170
108 3697
108 3896
108 5354
108 3594
108 3025
108 4619
108 3262
108 5403
108 3802
108 4607
108 3644
108 2824
108 5185
108 5376
109 5292
109 3239
109 4936
109 4147
109 3320
109 4980
109 4791
109 2821
109 5355
109 3580
109 3355
109 4399
109 3860
109 4524
109 3703
110 4529
110 4756
110 4089
110 5443
110 4251
110 4258
110 3230
110 3093
110 4313
110 4074
110 3938
110 4020
110 4582
110 4558
110 3781
111 5096
111 4202
111 4419
111 2999
111 3156
111 4834
111 3459
111 4818
111 5390
111 3883
111 4386
111 4176
111 3971
111 3846
111 2939
112 2867
112 4826
112 5290
112 3534
112 3559
112 5454
112 5400
112 2825
112 4551
112 4178
112 4909
112 5007
112 5504
112 4445
112 3224
113 5017
113 4312
113 3656
113 3764
113 4307
113 5416
113 3724
113 4772
113 4701
113 5492
113 3406
113 4079
113 4560
113 4964
113 5485
114 4646
114 3641
114 3695
114 5313
114 3336
114 4939
114 4868
114 2965
114 5475
114 3166
114 3461
114 4895
114 2801
114 3199
114 5227
115 3187
115 3852
115 3277
115 4469
115 5108
115 3503
115 4802
115 5577
115 5289
115 4989
115 5330
115 4827
115 5200
115 5040
115 3849
116 3433
116 4069
116 2857
116 4757
116 3568
116 5494
116 4913
116 4105
116 2903
116 4358
116 3524
116 3527
116 5299
116 5323
116 4996
117 3118
117 4338
117 4910
117 5401
117 4433
117 5249
117 4808
117 3413
117 5340
117 5489
117 4625
117 4861
117 4274
117 2906
117 2892
118 3787
118 4184
118 5568
118 5199
118 3865
118 4479
118 4833
118 4101
118 3552
118 4175
118 4348
118 2998
118 4361
118 5506
118 5148
119 3564
119 3191
119 4899
119 5362
119 5284
119 3420
119 4578
119 4907
119 4995
119 4486
119 2809
119 2871
119 5394
119 2855
119 3389
120 4157
120 4304
120 5486
120 5197
120 4132
120 5503
120 4634
120 3486
120 3052
120 5338
120 3654
120 4392
120 5037
120 4960
120 5009
121 3244
121 4865
121 3021
121 4053
121 4978
121 4561
121 4426
121 4206
121 4209
121 5441
121 5473
121 4076
121 4163
121 5183
121 3222
122 2989
122 3085
122 3265
122 4644
122 5243
122 5469
122 3384
122 4441
122 4595
122 5137
122 3829
122 3491
122 3264
122 4200
122 3967
123 4816
123 3455
123 5029
123 4257
123 5175
123 2820
123 3651
123 3353
123 4339
123 3464
123 4153
123 3950
123 4026
123 3044
123 5573
124 3437
124 5171
124 3730
124 3147
124 4415
124 3171
124 3778
124 4283
124 3901
124 5226
124 3155
124 3807
124 3228
124 2930
124 3485
125 3500
125 4275
125 5364
125 5166
125 4327
125 2886
125 5383
125 4768
125 5030
125 5285
125 4009
125 5564
125 3794
125 3621
125 2936
126 2876
126 2967
126 3219
126 2960
126 5070
126 4031
126 3653
126 3657
126 3988
126 4849
126 5260
126 4193
126 5272
126 3692
126 4523
127 4751
127 3310
127 3422
127 3305
127 4940
127 3711
127 3575
127 5179
127 5221
127 2933
127 3682
127 4403
127 3372
127 4029
127 4932
128 4191
128 3709
128 3510
128 3145
128 4843
128 3463
128 3049
128 3493
128 3972
128 4621
128 3232
128 4421
128 4114
128 5279
128 4885
129 2899
129 3397
129 3304
129 3771
129 4726
129 4872
129 3761
129 5302
129 5548
129 4648
129 5086
129 4806
129 5320
129 2981
129 5500
130 4720
130 4540
130 3756
130 4438
130 3162
130 3418
130 4518
130 5437
130 3283
130 3053
130 5371
130 3220
130 3856
130 4133
130 4839
131 5367
131 3003
131 5547
131 4616
131 3646
131 4534
131 4803
131 4242
131 4700
131 3135
131 5459
131 3323
131 3858
131 2941
131 4541
132 2907
132 4299
132 4736
132 3281
132 4464
132 3426
132 4841
132 4146
132 2966
132 5518
132 3578
132 3581
132 5551
132 4886
132 5002
133 3612
133 3212
133 5427
133 3349
133 5468
133 5399
133 3041
133 5440
133 2856
133 3048
133 4487
133 3805
133 3538
133 3675
133 5074
134 4494
134 2996
134 4639
134 5277
134 5558
134 4780
134 4733
134 5322
134 3894
134 2803
134 3558
134 3735
134 3092
134 4005
134 4714
135 4554
135 3438
135 5244
135 3609
135 4249
135 4100
135 5553
135 5300
135 3934
135 3271
135 2850
135 5276
135 5472
135 4309
135 5045
136 3777
136 4357
136 2799
136 4370
136 5578
136 3031
136 5101
136 5014
136 5436
136 5315
136 2840
136 3992
136 5525
136 3876
136 3411
137 4063
137 3924
137 3920
137 3414
137 3495
137 5429
137 5337
137 2932
137 3132
137 3226
137 3982
137 3770
137 2997
137 3993
137 3904
138 5474
138 3267
138 5318
138 3017
138 5389
138 5058
138 4925
138 4154
138 3177
138 4144
138 4811
138 4520
138 3863
138 5483
138 4453
139 3704
139 5326
139 3897
139 5488
139 5235
139 4383
139 4764
139 3614
139 4555
139 5186
139 5402
139 3339
139 5124
139 4233
139 4490
140 3550
140 3094
140 5038
140 3233
140 3833
140 4903
140 4879
140 4166
140 4967
140 3583
140 5106
140 3475
140 4547
140 3460
140 4318
141 3374
141 5236
141 4958
141 5311
141 5069
141 3400
141 4196
141 4481
141 5417
141 5543
141 5004
141 5222
141 3974
141 3207
141 3954
142 3458
142 3333
142 4658
142 5453
142 4252
142 4461
142 3084
142 4239
142 3294
142 4341
142 3671
142 3762
142 4093
142 5529
142 4782
143 5342
143 2949
143 4638
143 3660
143 5155
143 5404
143 5121
143 4817
143 4904
143 2865
143 3869
143 2862
143 4002
143 5406
143 4773
144 5476
144 3095
144 5060
144 2951
144 5537
144 3827
144 3519
144 4656
144 4354
144 4884
144 4814
144 2919
144 2937
144 3105
144 2909
145 3170
145 4151
145 3514
145 3046
145 5104
145 4883
145 3282
145 3600
145 5363
145 4956
145 4797
145 3279
145 3186
145 3431
145 2794
146 3820
146 4179
146 5005
146 5514
146 4356
146 3350
146 4324
146 3912
146 3110
146 4828
146 5059
146 5372
146 4893
146 5281
146 3521
147 3260
147 3666
147 5119
147 3395
147 4679
147 4429
147 4674
147 3560
147 3706
147 4164
147 5448
147 4247
147 3301
147 5113
147 3932
148 5411
148 4367
148 4533
148 3064
148 2913
148 3990
148 5164
148 4667
148 2934
148 4840
148 4812
148 3069
148 2818
148 5253
148 3130
149 3758
149 3741
149 5019
149 4685
149 5061
149 5201
149 5283
149 4004
149 4311
149 4362
149 4266
149 5264
149 3941
149 4617
149 4737
150 4793
150 2808
150 5467
150 4767
150 3571
150 4080
150 5150
150 3001
150 4046
150 3811
150 4622
150 3139
150 5230
150 3115
150 5138
151 4748
151 2985
151 4916
151 3427
151 4704
151 4944
151 3720
151 2849
151 3299
151 4919
151 3530
151 4754
151 3182
151 3708
151 4684
152 3752
152 3184
152 3768
152 3076
152 3002
152 5025
152 3874
152 4115
152 2848
152 3211
152 4653
152 4495
152 4795
152 4503
152 3319
153 4900
153 4628
153 3763
153 3362
153 4708
153 5501
153 4825
153 3648
153 4519
153 4149
153 3728
153 4946
153 5384
153 4948
153 5042
154 3567
154 4581
154 2915
154 5147
154 3668
154 4502
154 3210
154 4687
154 4456
154 4652
154 3061
154 4059
154 3603
154 4586
154 4703
155 3502
155 3058
155 4972
155 3216
155 3681
155 4012
155 2811
155 3164
155 4087
155 4953
155 3317
155 5563
155 3409
155 3733
155 3393
156 4049
156 3006
156 5023
156 4636
156 3204
156 4194
156 3630
156 2982
156 4183
156 5218
156 3915
156 3284
156 5213
156 5087
156 4229
157 3662
157 5549
157 4071
157 5477
157 3933
157 4330
157 3700
157 5084
157 3428
157 2819
157 3690
157 3546
157 5356
157 2844
157 4898
158 4790
158 4411
158 3447
158 2826
158 4316
158 3634
158 4152
158 3158
158 4267
158 3008
158 3469
158 5569
158 3743
158 3356
158 4730
159 5343
159 3964
159 3569
159 3344
159 5576
159 4278
159 4380
159 3678
159 3386
159 3987
159 2910
159 3998
159 4758
159 4717
159 3596
160 4994
160 4698
160 4799
160 3498
160 3965
160 4047
160 3116
160 5232
160 4203
160 3059
160 5319
160 4489
160 5508
160 5499
160 5098
161 4744
161 4293
161 3133
161 4240
161 4381
161 5160
161 5088
161 3643
161 5110
161 3832
161 4270
161 3973
161 4077
161 3496
161 3248
162 2836
162 5359
162 3243
162 3169
162 5131
162 4807
162 4236
162 4391
162 4480
162 5146
162 4107
162 4645
162 4512
162 4672
162 2969
163 5167
163 4248
163 3532
163 3407
163 3082
163 5561
163 2917
163 4660
163 2810
163 4048
163 3506
163 5076
163 4974
163 4991
163 3213
164 4623
164 3371
164 4599
164 4177
164 5105
164 5304
164 3289
164 4232
164 5324
164 3543
164 4435
164 5057
164 5118
164 4484
164 5135
165 5298
165 4535
165 4987
165 3983
165 5412
165 3584
165 4092
165 4820
165 3297
165 4605
165 4205
165 4030
165 4413
165 2940
165 4618
166 4291
166 3786
166 4113
166 3163
166 4566
166 3888
166 4255
166 5555
166 4631
166 3928
166 4896
166 3373
166 4771
166 4539
166 5461
167 4924
167 5562
167 3881
167 5431
167 4889
167 3795
167 5248
167 4058
167 2963
167 3327
167 3970
167 3203
167 4400
167 2875
167 3270
168 3150
168 4140
168 4462
168 4836
168 5360
168 4727
168 5063
168 2813
168 3190
168 2926
168 4167
168 3348
168 3689
168 5240
168 2832
169 3677
169 3144
169 3561
169 3737
169 4852
169 4592
169 4973
169 4272
169 5001
169 3793
169 2918
169 5010
169 4442
169 3051
169 3466
170 5369
170 2986
170 5214
170 4590
170 3573
170 4300
170 3329
170 5190
170 4769
170 5133
170 3326
170 3792
170 2944
170 4470
170 3153
171 3907
171 4294
171 3635
171 4131
171 3308
171 4588
171 4890
171 3245
171 4072
171 3086
171 4340
171 4496
171 3606
171 4649
171 4450
172 5515
172 3361
172 4136
172 5387
172 4804
172 4372
172 5533
172 4337
172 4567
172 3652
172 4198
172 3194
172 3081
172 2974
172 2988
173 4571
173 4962
173 4501
173 4082
173 5493
173 3528
173 3822
173 3593
173 5122
173 4417
173 3948
173 3346
173 2890
173 3848
173 5250
174 3275
174 2833
174 3415
174 5392
174 5043
174 4328
174 4165
174 4317
174 3911
174 3425
174 3773
174 3945
174 5449
174 4640
174 4478
175 5149
175 3202
175 4142
175 3582
175 2847
175 3036
175 4891
175 4395
175 4847
175 4301
175 3939
175 4116
175 5306
175 5085
175 2851
176 4459
176 4227
176 3434
176 3023
176 4819
176 5081
176 5381
176 5046
176 5523
176 2845
176 4528
176 5080
176 3667
176 4846
176 4516
177 3009
177 4712
177 3097
177 5245
177 2887
177 4794
177 4643
177 4424
177 3679
177 3859
177 5422
177 5207
177 4740
177 3018
177 5332
178 5377
178 4402
178 3261
178 3957
178 3179
178 3984
178 4627
178 3850
178 3068
178 3590
178 4563
178 4575
178 3699
178 3944
178 4394
179 5067
179 4789
179 4226
179 4949
179 4477
179 3688
179 4766
179 3129
179 4695
179 3504
179 4225
179 3843
179 3757
179 2800
179 3683
180 4906
180 5557
180 3471
180 4186
180 3853
180 3235
180 4536
180 4746
180 4420
180 3090
180 5269
180 5251
180 4365
180 3783
180 4929
181 3075
181 3223
181 4344
181 4360
181 3280
181 4832
181 3146
181 4261
181 4332
181 5202
181 3867
181 4090
181 4933
181 3288
181 4601
182 4468
182 2912
182 4805
182 4629
182 3554
182 4877
182 4957
182 4739
182 5410
182 4137
182 3453
182 3855
182 3209
182 4210
182 4579
183 3969
183 4602
183 4986
183 3272
183 3127
183 4809
183 4874
183 5314
183 4873
183 5273
183 3013
183 3862
183 4322
183 3016
183 5123
184 5145
184 4449
184 4753
184 4171
184 5056
184 3749
184 4037
184 3315
184 3359
184 2942
184 3161
184 4776
184 3300
184 4221
184 3631
185 5233
185 3576
185 2971
185 3686
185 3725
185 3160
185 4887
185 3185
185 5141
185 5178
185 5205
185 5139
185 4882
185 4290
185 4345
186 3715
186 2927
186 3691
186 3316
186 4671
186 4876
186 3784
186 4498
186 4436
186 3120
186 4021
186 4543
186 3698
186 4182
186 3140
