0 2
336 720
15 7
1 248
1 1087
1 4128
1 3477
1 1119
1 2271
1 1654
1 2680
1 4458
1 3679
1 2169
1 3041
1 2301
1 4016
1 2560
2 729
2 154
2 2505
2 1733
2 2439
2 987
2 1447
2 3706
2 5013
2 2162
2 3857
2 2794
2 2704
2 2055
2 3416
3 2000
3 1736
3 3083
3 4133
3 920
3 1013
3 586
3 126
3 3194
3 3919
3 4412
3 2164
3 912
3 640
3 2423
4 4805
4 2497
4 3314
4 1787
4 434
4 3835
4 2312
4 5015
4 4822
4 40
4 743
4 3430
4 2641
4 715
4 969
5 2012
5 2685
5 3152
5 3493
5 4868
5 3344
5 2381
5 716
5 4830
5 3600
5 1614
5 1257
5 522
5 1134
5 4213
6 1731
6 2871
6 3881
6 3184
6 2678
6 115
6 2095
6 1336
6 1713
6 4572
6 4399
6 3591
6 3625
6 4344
6 3727
7 4880
7 4378
7 4267
7 36
7 4776
7 239
7 592
7 892
7 3358
7 3414
7 3790
7 2796
7 2502
7 3039
7 4034
8 3245
8 4856
8 1110
8 661
8 888
8 3383
8 997
8 668
8 2144
8 76
8 2482
8 171
8 671
8 1056
8 4608
9 3517
9 732
9 3788
9 3522
9 4606
9 3263
9 2210
9 4096
9 1270
9 30
9 4469
9 4310
9 5027
9 1621
9 4282
10 4908
10 1294
10 1101
10 634
10 3334
10 2386
10 2276
10 979
10 3492
10 1972
10 1850
10 1788
10 4269
10 1516
10 3697
11 4540
11 3738
11 1888
11 337
11 3325
11 1058
11 4976
11 4214
11 1383
11 1961
11 1681
11 1500
11 4042
11 3093
11 1720
12 3028
12 3085
12 1026
12 4553
12 1509
12 3207
12 431
12 3686
12 3153
12 1751
12 1202
12 3743
12 3610
12 1262
12 2368
13 3645
13 4731
13 4114
13 678
13 79
13 161
13 1705
13 4491
13 4454
13 2975
13 3638
13 4558
13 1338
13 2003
13 1260
14 654
14 3865
14 3842
14 718
14 477
14 1421
14 1657
14 3797
14 3319
14 2166
14 2774
14 1132
14 3769
14 2836
14 2069
15 3238
15 3038
15 1325
15 3670
15 3779
15 3180
15 252
15 975
15 531
15 452
15 3164
15 3086
15 3140
15 4283
15 804
16 1108
16 1557
16 3736
16 1940
16 1818
16 2360
16 1566
16 3916
16 3809
16 2052
16 1191
16 1825
16 388
16 626
16 4566
17 4374
17 4126
17 2310
17 1372
17 1863
17 195
17 3808
17 4783
17 3253
17 3676
17 4419
17 1449
17 677
17 1182
17 1009
18 3946
18 3580
18 4975
18 992
18 4858
18 1081
18 580
18 1177
18 3956
18 2971
18 1650
18 2883
18 1044
18 898
18 4250
19 927
19 4297
19 392
19 4264
19 2790
19 1170
19 4920
19 4240
19 2500
19 1908
19 2629
19 533
19 3846
19 205
19 2964
20 3617
20 2970
20 1861
20 2709
20 2090
20 4790
20 2461
20 2208
20 3063
20 2889
20 2763
20 1366
20 3650
20 3077
20 459
21 4205
21 1273
21 3631
21 3389
21 953
21 939
21 852
21 4762
21 2923
21 3969
21 1798
21 747
21 3814
21 2880
21 143
22 3333
22 2815
22 520
22 4258
22 2219
22 3364
22 2218
22 1457
22 2328
22 4447
22 3284
22 711
22 1923
22 3795
22 1526
23 2603
23 1734
23 3020
23 1334
23 192
23 2848
23 1349
23 1717
23 4241
23 1868
23 3947
23 1031
23 3673
23 1488
23 3700
24 1133
24 3626
24 2126
24 3812
24 4798
24 2632
24 547
24 1755
24 3003
24 4607
24 4080
24 1412
24 3379
24 1261
24 1589
25 3327
25 3415
25 2867
25 488
25 3501
25 4131
25 3530
25 3169
25 3443
25 4706
25 1977
25 2018
25 2875
25 3386
25 4352
26 1567
26 1708
26 4368
26 3193
26 3107
26 3784
26 1486
26 2469
26 4955
26 123
26 889
26 4337
26 3022
26 194
26 1012
27 1762
27 4346
27 831
27 1014
27 3471
27 2275
27 2053
27 1021
27 213
27 3932
27 1786
27 2851
27 4135
27 4294
27 2789
28 630
28 1496
28 2322
28 5038
28 689
28 4360
28 4832
28 1608
28 196
28 3745
28 4857
28 1179
28 2908
28 2536
28 4763
29 4532
29 928
29 3572
29 3127
29 940
29 2579
29 5029
29 3552
29 1281
29 3528
29 2827
29 1052
29 528
29 3937
29 1423
30 1776
30 991
30 901
30 884
30 2622
30 4157
30 3488
30 3871
30 4356
30 1330
30 3750
30 3701
30 656
30 2941
30 2620
31 3455
31 4654
31 2046
31 3955
31 960
31 4455
31 4575
31 2182
31 2979
31 699
31 633
31 2198
31 2679
31 2639
31 1327
32 4318
32 3329
32 1160
32 1571
32 771
32 2152
32 1816
32 2448
32 1885
32 4923
32 282
32 113
32 3583
32 1723
32 4833
33 818
33 1941
33 738
33 4236
33 3604
33 1036
33 635
33 1121
33 3393
33 4630
33 4970
33 2016
33 1553
33 3142
33 814
34 3069
34 3018
34 1193
34 3201
34 2100
34 472
34 4603
34 3996
34 3749
34 1823
34 2279
34 622
34 1310
34 2257
34 1245
35 422
35 2471
35 2999
35 2535
35 2490
35 5036
35 3607
35 247
35 3874
35 17
35 2697
35 4834
35 2645
35 2318
35 1514
36 2570
36 1181
36 894
36 1063
36 4068
36 4796
36 4013
36 2727
36 1352
36 4758
36 3421
36 855
36 2
36 2559
36 610
37 4503
37 3514
37 1573
37 273
37 1230
37 1096
37 1410
37 2839
37 4248
37 973
37 3510
37 1946
37 3195
37 246
37 3796
38 178
38 2163
38 1602
38 2675
38 4094
38 905
38 4534
38 2523
38 2398
38 3948
38 4369
38 4839
38 3521
38 919
38 1709
39 1213
39 300
39 1155
39 2481
39 3622
39 591
39 1279
39 2278
39 4298
39 3800
39 255
39 2396
39 4978
39 617
39 680
40 2664
40 3155
40 4434
40 2206
40 3237
40 648
40 474
40 3228
40 2074
40 3382
40 1562
40 2123
40 2638
40 2418
40 4806
41 3731
41 676
41 4705
41 1416
41 2282
41 416
41 382
41 1443
41 2186
41 1004
41 1015
41 4621
41 4035
41 3523
41 3928
42 1425
42 4363
42 1206
42 2810
42 2114
42 2359
42 649
42 834
42 657
42 4349
42 4724
42 760
42 3262
42 3005
42 4051
43 2165
43 328
43 1580
43 236
43 1510
43 2348
43 779
43 4622
43 608
43 856
43 558
43 2677
43 2332
43 2943
43 3858
44 786
44 3904
44 4985
44 1665
44 1034
44 1769
44 4700
44 2635
44 2058
44 214
44 4108
44 1938
44 1099
44 3133
44 5
45 1311
45 4663
45 3819
45 3289
45 806
45 961
45 3434
45 2980
45 1903
45 1358
45 2422
45 3757
45 4995
45 3361
45 78
46 2358
46 1243
46 2838
46 1774
46 3315
46 4721
46 3621
46 4681
46 1812
46 4162
46 3619
46 4488
46 2068
46 3355
46 684
47 527
47 2965
47 3720
47 4082
47 3533
47 4226
47 2063
47 1601
47 3920
47 4321
47 4018
47 4562
47 2658
47 1959
47 4420
48 4760
48 3959
48 2007
48 440
48 1956
48 1465
48 2967
48 1724
48 3562
48 3381
48 2746
48 4694
48 3830
48 3708
48 2854
49 1963
49 162
49 4823
49 2765
49 3761
49 2892
49 42
49 2199
49 3669
49 600
49 218
49 2323
49 4727
49 4003
49 3746
50 447
50 1153
50 768
50 2026
50 407
50 168
50 1581
50 3137
50 5031
50 3823
50 1883
50 2283
50 1426
50 2293
50 4109
51 2226
51 2653
51 1176
51 1122
51 309
51 1889
51 3100
51 1549
51 3330
51 4918
51 557
51 1966
51 4198
51 319
51 3332
52 1169
52 4843
52 875
52 3479
52 555
52 632
52 581
52 4072
52 3691
52 3907
52 1187
52 3025
52 2751
52 1522
52 1550
53 2830
53 1309
53 2623
53 3929
53 267
53 4597
53 4110
53 4502
53 3570
53 3366
53 573
53 4537
53 4711
53 3489
53 1612
54 1675
54 3635
54 3380
54 4514
54 2826
54 2468
54 4116
54 211
54 2580
54 2168
54 2240
54 1572
54 1022
54 2900
54 20
55 1251
55 1407
55 692
55 1298
55 5040
55 4951
55 1544
55 1674
55 2782
55 645
55 4778
55 374
55 4302
55 1406
55 4152
56 2698
56 1429
56 496
56 2600
56 4967
56 2267
56 221
56 2913
56 1840
56 1178
56 2910
56 2401
56 3218
56 2634
56 2244
57 570
57 532
57 1537
57 3242
57 3624
57 2044
57 2834
57 2485
57 2248
57 3508
57 1536
57 4066
57 2554
57 2038
57 4186
58 3557
58 3470
58 748
58 4366
58 3696
58 4011
58 3677
58 2291
58 1735
58 4828
58 4956
58 4071
58 546
58 4686
58 2817
59 2584
59 3371
59 4870
59 860
59 642
59 1916
59 2399
59 3236
59 717
59 4747
59 1688
59 1811
59 1569
59 1142
59 395
60 433
60 4474
60 990
60 4408
60 4556
60 2990
60 2721
60 2528
60 2099
60 3405
60 3774
60 3171
60 4583
60 4192
60 2486
61 3450
61 2994
61 4933
61 3719
61 3863
61 999
61 2362
61 4872
61 375
61 4998
61 4254
61 2529
61 1130
61 1531
61 3942
62 1759
62 1313
62 1094
62 1989
62 314
62 396
62 885
62 3723
62 3568
62 4311
62 4119
62 274
62 2656
62 1874
62 3735
63 1046
63 2650
63 2288
63 1190
63 3536
63 3349
63 3331
63 601
63 4423
63 1846
63 1415
63 484
63 3546
63 2619
63 1729
64 3512
64 4123
64 706
64 1247
64 4676
64 3692
64 714
64 2942
64 4007
64 3015
64 4233
64 204
64 589
64 4040
64 2733
65 1719
65 64
65 4278
65 1158
65 4766
65 4014
65 848
65 1577
65 1915
65 1490
65 3222
65 4495
65 1530
65 2845
65 4722
66 4613
66 1019
66 4439
66 1636
66 4179
66 109
66 3664
66 3278
66 2545
66 2444
66 2518
66 4982
66 985
66 4927
66 2188
67 3425
67 4585
67 2707
67 697
67 4336
67 1633
67 924
67 1292
67 4674
67 1855
67 993
67 1564
67 3976
67 705
67 2048
68 4598
68 4513
68 1525
68 556
68 199
68 2822
68 1409
68 3760
68 1401
68 4707
68 331
68 4159
68 857
68 3267
68 1147
69 3652
69 241
69 1815
69 819
69 1452
69 3395
69 1693
69 1539
69 2585
69 4784
69 3306
69 1204
69 4415
69 2610
69 722
70 3079
70 148
70 3901
70 1092
70 3151
70 698
70 1049
70 3564
70 4845
70 450
70 4464
70 1945
70 4988
70 2078
70 2902
71 1685
71 1306
71 1797
71 4753
71 200
71 4735
71 4897
71 1398
71 1865
71 397
71 1080
71 4375
71 745
71 4030
71 4497
72 3561
72 4888
72 4969
72 4958
72 3873
72 1680
72 4819
72 2192
72 4637
72 2032
72 955
72 3486
72 3495
72 3091
72 552
73 2339
73 3895
73 219
73 58
73 2224
73 590
73 4876
73 2193
73 871
73 3682
73 4064
73 2324
73 1072
73 1775
73 2125
74 501
74 3940
74 4919
74 4308
74 1641
74 4785
74 46
74 2916
74 2425
74 1574
74 4853
74 4573
74 145
74 3886
74 3771
75 18
75 507
75 3538
75 4864
75 3923
75 1061
75 284
75 13
75 1361
75 136
75 3848
75 4351
75 3181
75 2040
75 2992
76 5037
76 2082
76 2884
76 494
76 3352
76 2572
76 1460
76 439
76 55
76 80
76 3424
76 3280
76 4175
76 4968
76 3725
77 971
77 253
77 4262
77 3328
77 946
77 2646
77 4965
77 3429
77 3341
77 3991
77 4077
77 583
77 4648
77 500
77 1527
78 3123
78 2338
78 1904
78 2220
78 3055
78 4372
78 1547
78 1003
78 1625
78 756
78 4964
78 3569
78 1738
78 2376
78 4716
79 324
79 2606
79 974
79 2408
79 3068
79 4201
79 442
79 3541
79 4103
79 2197
79 3628
79 4775
79 1860
79 2818
79 4340
80 696
80 1221
80 1741
80 4825
80 647
80 2527
80 2625
80 777
80 1555
80 3548
80 3259
80 467
80 482
80 4761
80 3350
81 3698
81 310
81 770
81 2477
81 159
81 4300
81 96
81 3494
81 3667
81 3951
81 93
81 2689
81 1796
81 3458
81 1369
82 4188
82 1942
82 3439
82 513
82 4060
82 1345
82 4609
82 1931
82 4208
82 2154
82 2780
82 4582
82 2788
82 362
82 4911
83 485
83 353
83 1864
83 588
83 1900
83 3126
83 1856
83 4871
83 451
83 1701
83 4928
83 1287
83 3780
83 3967
83 2384
84 4900
84 304
84 1307
84 4461
84 4740
84 725
84 4354
84 628
84 1394
84 4901
84 1652
84 3398
84 231
84 690
84 3554
85 3703
85 3741
85 1210
85 3276
85 3406
85 376
85 2671
85 475
85 4772
85 1217
85 2914
85 3033
85 2755
85 1768
85 4039
86 1997
86 3999
86 1578
86 2325
86 2864
86 75
86 4896
86 2663
86 3783
86 1781
86 4355
86 3189
86 2334
86 1494
86 4914
87 4211
87 687
87 2777
87 3031
87 1930
87 1854
87 343
87 258
87 4478
87 3762
87 305
87 3838
87 1752
87 3616
87 2441
88 3148
88 3466
88 1907
88 2449
88 2336
88 3896
88 4913
88 4685
88 4655
88 2684
88 893
88 821
88 2364
88 4315
88 1480
89 1508
89 4835
89 2296
89 2799
89 629
89 1783
89 2659
89 764
89 3081
89 3138
89 1628
89 721
89 4894
89 1682
89 348
90 2442
90 612
90 569
90 5028
90 1042
90 4414
90 1727
90 169
90 3827
90 444
90 1952
90 1000
90 24
90 650
90 4328
91 2179
91 5034
91 81
91 4651
91 1435
91 3483
91 3707
91 3926
91 4238
91 3198
91 867
91 5010
91 3665
91 4396
91 233
92 4197
92 1867
92 3281
92 3595
92 2552
92 4206
92 4548
92 2574
92 3544
92 1689
92 338
92 3413
92 817
92 4134
92 2458
93 1877
93 2954
93 4451
93 1456
93 237
93 2673
93 2142
93 4456
93 3078
93 215
93 1932
93 2783
93 1128
93 3161
93 2728
94 4646
94 1698
94 4228
94 3732
94 2430
94 594
94 4519
94 3441
94 1402
94 85
94 2955
94 1112
94 1118
94 2562
94 2121
95 356
95 835
95 4433
95 4407
95 1037
95 4962
95 4649
95 4275
95 2143
95 2047
95 3469
95 1286
95 3438
95 2640
95 3132
96 3057
96 1382
96 3304
96 2094
96 4966
96 4480
96 1950
96 2343
96 1318
96 27
96 2904
96 1585
96 98
96 4286
96 3973
97 4946
97 1599
97 3104
97 4531
97 2225
97 302
97 1524
97 3608
97 3205
97 963
97 99
97 521
97 550
97 2066
97 3831
98 3246
98 2665
98 948
98 693
98 2897
98 822
98 3825
98 781
98 4161
98 3301
98 2080
98 2170
98 3258
98 1988
98 4307
99 1079
99 94
99 2392
99 2732
99 783
99 4692
99 3066
99 1653
99 525
99 1643
99 2297
99 4088
99 4358
99 1068
99 3540
100 1807
100 2424
100 4601
100 2011
100 3174
100 4373
100 37
100 565
100 2346
100 936
100 1404
100 3476
100 34
100 1875
100 5024
101 1929
101 3295
101 2661
101 1135
101 3287
101 3356
101 2072
101 4144
101 1804
101 1968
101 62
101 3007
101 3103
101 3979
101 164
102 2333
102 2786
102 1075
102 418
102 100
102 1806
102 3032
102 4604
102 1919
102 3058
102 28
102 2855
102 907
102 4645
102 3124
103 2996
103 2888
103 1591
103 1171
103 4793
103 325
103 4910
103 1886
103 3529
103 859
103 2470
103 1196
103 3931
103 1805
103 4296
104 2496
104 3963
104 1180
104 3401
104 1479
104 4471
104 862
104 816
104 977
104 820
104 5017
104 2330
104 1200
104 4037
104 3953
105 3279
105 470
105 2987
105 327
105 2361
105 420
105 2416
105 4714
105 2903
105 4577
105 2261
105 4610
105 3872
105 749
105 3636
106 800
106 3511
106 1365
106 4429
106 751
106 4090
106 2292
106 918
106 1203
106 2593
106 3217
106 1596
106 4398
106 299
106 1541
107 3845
107 1845
107 3751
107 2547
107 4811
107 4569
107 173
107 3509
107 4102
107 2457
107 2712
107 3376
107 454
107 3156
107 3391
108 1554
108 4844
108 381
108 3985
108 3098
108 2321
108 1129
108 1969
108 4836
108 838
108 2806
108 4230
108 4568
108 3186
108 1454
109 2130
109 2274
109 3075
109 2918
109 207
109 4479
109 2738
109 4391
109 1368
109 1011
109 4780
109 3447
109 734
109 2856
109 2706
110 2347
110 1117
110 4397
110 1584
110 1721
110 775
110 2946
110 2693
110 1430
110 3758
110 1209
110 1939
110 2928
110 2189
110 1459
111 3556
111 2998
111 2096
111 2701
111 2896
111 2989
111 2887
111 4438
111 2841
111 2472
111 4033
111 2411
111 4440
111 539
111 4453
112 763
112 959
112 51
112 1062
112 4075
112 4490
112 3045
112 1836
112 2734
112 303
112 4062
112 4710
112 2394
112 1881
112 3730
113 3934
113 3914
113 2051
113 3818
113 2413
113 2256
113 1666
113 1986
113 1620
113 3084
113 347
113 4554
113 2062
113 3008
113 1882
114 4545
114 1097
114 2043
114 1880
114 4145
114 2636
114 567
114 2008
114 4364
114 3004
114 772
114 4006
114 4484
114 2156
114 1869
115 2652
115 288
115 3894
115 759
115 1384
115 19
115 1743
115 4538
115 4615
115 181
115 1839
115 4492
115 2173
115 3220
115 929
116 3841
116 4467
116 2331
116 480
116 4176
116 3828
116 4431
116 259
116 1838
116 3408
116 2086
116 445
116 4992
116 179
116 3010
117 2611
117 887
117 301
117 91
117 944
117 3112
117 1268
117 1025
117 1824
117 597
117 4227
117 986
117 1609
117 3578
117 2551
118 1905
118 2050
118 1370
118 455
118 2882
118 1696
118 3834
118 1146
118 1973
118 4473
118 262
118 4442
118 704
118 4529
118 3178
119 2397
119 4767
119 4668
119 2145
119 3026
119 595
119 4826
119 4917
119 349
119 4381
119 3463
119 1722
119 1757
119 2136
119 3853
120 206
120 2106
120 417
120 2365
120 3209
120 2109
120 2378
120 2005
120 1645
120 2253
120 2776
120 1901
120 4906
120 2385
120 4678
121 1852
121 3200
121 2683
121 1371
121 3465
121 250
121 1378
121 4295
121 5014
121 3641
121 2443
121 4024
121 4557
121 3297
121 882
122 1533
122 4223
122 4959
122 4977
122 4089
122 2757
122 1899
122 666
122 4170
122 1740
122 3592
122 1644
122 229
122 408
122 3040
123 3134
123 849
123 393
123 492
123 3900
123 3791
123 3646
123 3021
123 3909
123 1917
123 1274
123 3377
123 3500
123 1513
123 1858
124 4476
124 3558
124 3513
124 1606
124 1715
124 1205
124 306
124 3496
124 4921
124 2925
124 4570
124 4576
124 4957
124 1761
124 4070
125 4413
125 4950
125 4752
125 3772
125 4693
125 1275
125 197
125 2231
125 599
125 4222
125 1010
125 4330
125 1924
125 4667
125 2754
126 5039
126 1561
126 287
126 1730
126 271
126 3302
126 2041
126 908
126 1466
126 1630
126 3261
126 4882
126 3101
126 794
126 3789
127 638
127 1528
127 982
127 457
127 2973
127 1234
127 3647
127 3147
127 1503
127 3106
127 2097
127 1413
127 4148
127 1064
127 2320
128 2302
128 3368
128 932
128 4850
128 4589
128 2837
128 2380
128 3597
128 2454
128 3445
128 4338
128 2940
128 2098
128 1125
128 1926
129 2374
129 1974
129 4280
129 2230
129 2264
129 832
129 4939
129 2153
129 3385
129 4703
129 4285
129 2268
129 3559
129 4291
129 972
130 3310
130 2873
130 3467
130 3981
130 3468
130 3000
130 342
130 2906
130 4339
130 930
130 2327
130 4403
130 2769
130 57
130 619
131 1464
131 1030
131 1324
131 3092
131 811
131 2672
131 1563
131 827
131 2748
131 3555
131 2196
131 3099
131 4725
131 4019
131 792
132 1225
132 3214
132 2824
132 941
132 2478
132 1478
132 1748
132 2414
132 4709
132 1810
132 694
132 2329
132 2997
132 2419
132 4251
133 1066
133 4026
133 3240
133 3043
133 4932
133 4878
133 2195
133 2725
133 2438
133 4235
133 2124
133 4726
133 3397
133 3787
133 125
134 3764
134 4653
134 807
134 1704
134 4611
134 298
134 4121
134 3400
134 1107
134 3605
134 2833
134 2447
134 1847
134 3351
134 383
135 3251
135 1227
135 198
135 403
135 377
135 2228
135 1301
135 4963
135 4462
135 122
135 4658
135 914
135 140
135 1186
135 1991
136 3877
136 2290
136 1332
136 3690
136 4673
136 3890
136 3917
136 4406
136 3170
136 4881
136 2530
136 3346
136 1613
136 2762
136 436
137 1207
137 3992
137 3097
137 1837
137 1870
137 4242
137 4232
137 746
137 2140
137 3715
137 3820
137 4521
137 4586
137 3882
137 3166
138 4902
138 1876
138 2426
138 1113
138 5020
138 358
138 2633
138 1316
138 2614
138 4027
138 4117
138 3102
138 476
138 2862
138 4416
139 4626
139 2729
139 1104
139 1777
139 1145
139 3941
139 962
139 3354
139 3606
139 2968
139 672
139 554
139 2655
139 4552
139 2711
140 4268
140 3705
140 4733
140 406
140 1672
140 45
140 3311
140 2613
140 3122
140 4652
140 21
140 228
140 575
140 2506
140 3655
141 1604
141 1340
141 2262
141 1658
141 1152
141 1649
141 4021
141 4588
141 3118
141 2434
141 2213
141 2986
141 4009
141 3813
141 4879
142 4256
142 2522
142 3918
142 5012
142 2427
142 1532
142 3675
142 461
142 242
142 3409
142 481
142 177
142 1143
142 4317
142 1428
143 574
143 2289
143 295
143 2922
143 3654
143 1792
143 4792
143 401
143 82
143 853
143 4052
143 4634
143 4067
143 244
143 1238
144 4565
144 2667
144 4863
144 577
144 3539
144 2703
144 3748
144 1832
144 548
144 3446
144 3353
144 4997
144 4738
144 280
144 1568
145 2865
145 2637
145 4361
145 4947
145 2561
145 3870
145 2403
145 4930
145 2569
145 4093
145 3179
145 1587
145 868
145 4386
145 1090
146 153
146 2808
146 3803
146 582
146 593
146 4831
146 1139
146 757
146 3048
146 535
146 3191
146 4203
146 2057
146 3755
146 1390
147 157
147 4357
147 1141
147 1582
147 639
147 1897
147 2885
147 2731
147 966
147 1607
147 1380
147 3685
147 1954
147 209
147 916
148 1519
148 3861
148 385
148 4174
148 4816
148 1560
148 2849
148 1071
148 2102
148 351
148 4672
148 765
148 4182
148 423
148 5033
149 3403
149 605
149 2948
149 2428
149 147
149 361
149 2110
149 4255
149 2850
149 4926
149 3840
149 2491
149 541
149 1935
149 4140
150 3711
150 3944
150 3935
150 679
150 1312
150 1664
150 4171
150 3849
150 2741
150 1814
150 1106
150 3160
150 2945
150 2801
150 4994
151 4809
151 2877
151 2773
151 4599
151 3893
151 4032
151 623
151 2273
151 3480
151 2070
151 4759
151 4047
151 478
151 4452
151 1728
152 3642
152 2870
152 3339
152 900
152 1039
152 257
152 2792
152 4579
152 3593
152 4405
152 3286
152 4475
152 1341
152 2308
152 937
153 270
153 1060
153 2029
153 703
153 1637
153 3211
153 48
153 1763
153 3550
153 1998
153 4081
153 3440
153 1692
153 261
153 2695
154 1958
154 2759
154 3977
154 4743
154 3773
154 4149
154 1624
154 1229
154 2433
154 4934
154 3988
154 1165
154 1631
154 2254
154 1144
155 1271
155 1766
155 2285
155 3826
155 784
155 4891
155 1485
155 2936
155 3883
155 3095
155 413
155 515
155 441
155 3974
155 4146
156 4122
156 166
156 2537
156 1512
156 3519
156 4509
156 4865
156 4788
156 1800
156 3129
156 2597
156 2612
156 3778
156 2544
156 1489
157 1894
157 3050
157 2375
157 1477
157 4472
157 1642
157 2583
157 2483
157 3972
157 4916
157 2767
157 3343
157 2073
157 3866
157 524
158 3394
158 384
158 4387
158 3226
158 2934
158 3792
158 4057
158 2853
158 210
158 4425
158 4983
158 863
158 735
158 3833
158 3460
159 3862
159 4925
159 3029
159 1791
159 2690
159 1126
159 4593
159 1505
159 223
159 3576
159 910
159 4459
159 2064
159 22
159 3305
160 4702
160 3145
160 128
160 4640
160 243
160 308
160 584
160 3378
160 945
160 3052
160 3666
160 1686
160 437
160 613
160 1433
161 1388
161 4993
161 1041
161 2771
161 3014
161 4245
161 4559
161 4261
161 3768
161 2775
161 3586
161 25
161 4696
161 1195
161 2982
162 1296
162 4948
162 2352
162 3204
162 1284
162 3709
162 2553
162 2696
162 3422
162 1481
162 4679
162 4961
162 1635
162 3485
162 4664
163 1070
163 3420
163 2571
163 923
163 895
163 4388
163 1159
163 1520
163 53
163 1347
163 2550
163 3196
163 2533
163 3687
163 4530
164 311
164 1493
164 276
164 2513
164 460
164 1802
164 1951
164 3076
164 2265
164 1315
164 830
164 4041
164 1024
164 799
164 4904
165 130
165 1084
165 341
165 3659
165 1699
165 4697
165 4581
165 4299
165 1300
165 4524
165 833
165 5008
165 339
165 4592
165 1474
166 4624
166 3775
166 1085
166 2608
166 4840
166 4748
166 3829
166 2116
166 2802
166 3062
166 5001
166 2930
166 2059
166 773
166 3598
167 3798
167 495
167 174
167 4184
167 329
167 801
167 4895
167 707
167 1319
167 4316
167 1120
167 1408
167 2744
167 390
167 713
168 4287
168 3965
168 4252
168 1843
168 2532
168 2155
168 3396
168 3277
168 1558
168 727
168 3452
168 1790
168 4065
168 4001
168 1432
169 3013
169 1927
169 3515
169 4418
169 3363
169 2180
169 4899
169 4989
169 4890
169 3807
169 2494
169 3603
169 663
169 616
169 1278
170 499
170 700
170 1684
170 695
170 3037
170 3072
170 3309
170 4656
170 4427
170 824
170 3933
170 4510
170 2985
170 2863
170 2700
171 279
171 4482
171 2065
171 12
171 3320
171 412
171 3885
171 4859
171 761
171 2305
171 101
171 458
171 4981
171 1346
171 1778
172 468
172 3074
172 2958
172 1451
172 664
172 394
172 2791
172 3688
172 2463
172 1343
172 3419
172 3847
172 1285
172 1161
172 4898
173 3426
173 2175
173 4486
173 453
173 1506
173 2750
173 1028
173 4392
173 2355
173 1611
173 2556
173 2899
173 1632
173 3235
173 4661
174 4701
174 1995
174 2866
174 3060
174 3588
174 3879
174 4237
174 2702
174 230
174 2453
174 2521
174 193
174 4810
174 609
174 3216
175 4574
175 2024
175 1892
175 2177
175 2022
175 4430
175 29
175 3197
175 4031
175 2488
175 296
175 1732
175 1934
175 2602
175 3175
176 2112
176 449
176 2737
176 2601
176 1597
176 4827
176 2133
176 2567
176 1154
176 2713
176 4367
176 3009
176 2716
176 911
176 2258
177 1833
177 1114
177 2564
177 1964
177 4370
177 1293
177 660
177 1461
177 1374
177 3109
177 2926
177 2668
177 2803
177 2429
177 4657
178 3227
178 2002
178 3141
178 4602
178 2023
178 4677
178 4496
178 3551
178 3891
178 4106
178 2435
178 4092
178 400
178 5035
178 3754
179 47
179 2557
179 537
179 2030
179 1590
179 2515
179 3273
179 883
179 2719
179 724
179 5006
179 3293
179 1188
179 217
179 1199
180 708
180 4185
180 2578
180 1535
180 3575
180 4749
180 1794
180 4769
180 2874
180 3030
180 1619
180 1163
180 850
180 2101
180 3144
181 3633
181 1333
181 2951
181 3777
181 2666
181 4713
181 2185
181 74
181 2868
181 264
181 415
181 2543
181 2692
181 3427
181 3560
182 3763
182 3966
182 4259
182 1826
182 1540
182 3590
182 4127
182 2465
182 3662
182 2840
182 4944
182 1605
182 1898
182 132
182 4314
183 1498
183 4849
183 4424
183 4781
183 3241
183 462
183 3651
183 103
183 572
183 222
183 984
183 3110
183 2944
183 52
183 3449
184 56
184 1789
184 129
184 4698
184 917
184 429
184 4549
184 4061
184 1669
184 151
184 1405
184 2768
184 4153
184 3908
184 3724
185 514
185 4560
185 1232
185 712
185 2591
185 1016
185 728
185 3805
185 2886
185 4432
185 2670
185 2974
185 3285
185 3799
185 69
186 1185
186 683
186 742
186 4821
186 4322
186 1376
186 3270
186 4409
186 249
186 3249
186 1507
186 1771
186 2778
186 4165
186 1565
187 1184
187 2211
187 4401
187 2720
187 787
187 3936
187 3567
187 4862
187 3248
187 4487
187 3481
187 4390
187 1393
187 4180
187 2644
188 2510
188 4187
188 741
188 1949
188 4838
188 4504
188 1920
188 3887
188 3094
188 3372
188 3275
188 2642
188 1857
188 107
188 3589
189 1784
189 1808
189 4650
189 1035
189 2391
189 4855
189 1909
189 2113
189 2995
189 497
189 1103
189 1841
189 847
189 3135
189 3577
190 4207
190 2314
190 2487
190 1993
190 4139
190 1263
190 4813
190 3776
190 3044
190 1957
190 1502
190 2939
190 424
190 1830
190 636
191 2844
191 2630
191 840
191 2304
191 3108
191 2858
191 2236
191 4394
191 2015
191 1760
191 2950
191 4723
191 2784
191 203
191 1914
192 3312
192 2549
192 1304
192 1244
192 3875
192 272
192 2389
192 1395
192 2006
192 1529
192 2498
192 4820
192 4506
192 3203
192 275
193 2178
193 1201
193 3850
193 3036
193 1634
193 3984
193 238
193 1317
193 1057
193 320
193 4887
193 1006
193 516
193 1164
193 2772
194 3915
194 2372
194 4049
194 2723
194 1842
194 2525
194 2151
194 2760
194 2221
194 4074
194 4561
194 641
194 3658
194 823
194 4909
195 321
195 4309
195 3704
195 3733
195 4239
195 3671
195 190
195 3924
195 3321
195 4053
195 2239
195 587
195 1659
195 3843
195 4938
196 4441
196 750
196 4691
196 805
196 4929
196 160
196 1779
196 155
196 3119
196 4257
196 1887
196 4181
196 332
196 624
196 2307
197 1694
197 4659
197 1088
197 2466
197 1772
197 2171
197 4736
197 2795
197 1943
197 861
197 4225
197 2085
197 1354
197 553
197 1076
198 602
198 4501
198 4058
198 3294
198 3939
198 4347
198 3173
198 312
198 2686
198 1400
198 4220
198 1167
198 1695
198 1472
198 212
199 1570
199 2978
199 2132
199 1373
199 2250
199 294
199 4281
199 4935
199 1017
199 4764
199 3130
199 2205
199 3338
199 4631
199 323
200 5007
200 2222
200 854
200 2592
200 2127
200 3399
200 3710
200 4619
200 2083
200 2076
200 3921
200 1821
200 4699
200 346
200 858
201 1356
201 260
201 2035
201 2409
201 3695
201 360
201 486
201 3300
201 4380
201 3786
201 3535
201 2805
201 4670
201 4199
201 2981
202 1586
202 2071
202 3213
202 3049
202 618
202 359
202 4591
202 3504
202 839
202 373
202 505
202 549
202 3584
202 3432
202 994
203 988
203 2146
203 897
203 719
203 2962
203 137
203 4952
203 3532
203 3316
203 3855
203 4312
203 970
203 2294
203 409
203 9
204 3930
204 4669
204 3482
204 4460
204 4147
204 1579
204 1707
204 874
204 1254
204 473
204 2405
204 2311
204 2819
204 4874
204 1884
205 5023
205 463
205 542
205 2878
205 1100
205 4779
205 3627
205 4996
205 2972
205 175
205 709
205 3064
205 1663
205 315
205 419
206 4852
206 3120
206 4555
206 4869
206 4160
206 3634
206 1700
206 2993
206 667
206 73
206 1189
206 3587
206 2093
206 1434
206 1291
207 965
207 345
207 813
207 2699
207 540
207 322
207 170
207 4666
207 1020
207 1389
207 1487
207 1157
207 4515
207 4942
207 4078
208 503
208 118
208 32
208 3574
208 4327
208 3012
208 4288
208 1697
208 3527
208 4614
208 731
208 1711
208 1895
208 3435
208 2316
209 2407
209 3451
209 1543
209 3313
209 780
209 4972
209 2054
209 3525
209 3061
209 5030
209 4528
209 3582
209 372
209 1976
209 2150
210 4137
210 3571
210 1970
210 2241
210 3599
210 2847
210 598
210 3832
210 104
210 1439
210 2335
210 428
210 2511
210 68
210 3303
211 4804
211 3067
211 1902
211 2628
211 3054
211 4172
211 2607
211 3531
211 2740
211 3335
211 3503
211 1992
211 84
211 2437
211 3317
212 3968
212 1801
212 3188
212 3367
212 4087
212 1387
212 1990
212 1065
212 1277
212 2726
212 443
212 1002
212 2966
212 1984
212 3899
213 326
213 3804
213 4202
213 245
213 4169
213 3206
213 3244
213 2017
213 1131
213 2708
213 2157
213 2575
213 4306
213 293
213 4095
214 4421
214 425
214 846
214 5021
214 2284
214 737
214 493
214 1588
214 3970
214 3250
214 3418
214 1551
214 317
214 313
214 662
215 2933
215 950
215 4263
215 3802
215 2558
215 506
215 1335
215 4212
215 4332
215 1679
215 2694
215 1764
215 67
215 3643
215 3581
216 1849
216 2503
216 2377
216 4511
216 4099
216 2363
216 2212
216 2432
216 3954
216 1455
216 5002
216 4271
216 3073
216 186
216 4164
217 4274
217 2084
217 116
217 389
217 4348
217 2159
217 333
217 4046
217 340
217 967
217 3168
217 3678
217 4247
217 2019
217 1944
218 2957
218 3059
218 4625
218 1598
218 544
218 4884
218 4020
218 3431
218 4101
218 2209
218 2216
218 906
218 4305
218 335
218 866
219 89
219 3487
219 1603
219 4730
219 3753
219 465
219 2181
219 2174
219 2103
219 1328
219 615
219 1392
219 4362
219 1115
219 2879
220 778
220 3906
220 1981
220 2001
220 3172
220 4527
220 891
220 3717
220 3854
220 2911
220 4083
220 4353
220 1183
220 1111
220 2953
221 490
221 4177
221 3011
221 38
221 4612
221 2821
221 2573
221 1873
221 1359
221 774
221 2108
221 1548
221 4489
221 1538
221 2705
222 4335
222 4326
222 2415
222 1501
222 4774
222 2861
222 2013
222 3609
222 653
222 2049
222 903
222 720
222 1386
222 4404
222 265
223 754
223 1866
223 110
223 841
223 150
223 4494
223 2459
223 1027
223 1575
223 2676
223 3767
223 2371
223 4866
223 1747
223 1431
224 2010
224 1375
224 4195
224 688
224 1595
224 2028
224 2089
224 3442
224 2688
224 180
224 4304
224 3454
224 851
224 2295
224 1156
225 4468
225 2540
225 1910
225 788
225 4854
225 4234
225 4974
225 3844
225 2473
225 2341
225 2507
225 4518
225 2402
225 2045
225 4960
226 405
226 2881
226 3027
226 2984
226 1280
226 1446
226 3739
226 4789
226 2807
226 1714
226 3816
226 3618
226 111
226 5032
226 2176
227 191
227 1240
227 1517
227 1648
227 1420
227 2846
227 4851
227 1471
227 3428
227 4050
227 2390
227 2520
227 4720
227 189
227 350
228 2766
228 2764
228 1750
228 1475
228 561
228 2898
228 3794
228 2201
228 3128
228 307
228 4443
228 1851
228 3345
228 2412
228 682
229 3815
229 3165
229 4687
229 3136
229 2538
229 4708
229 4847
229 172
229 4210
229 1045
229 1955
229 1667
229 2828
229 536
229 798
230 1218
230 1651
230 2492
230 4422
230 4662
230 105
230 1583
230 2464
230 491
230 2516
230 4877
230 3674
230 1592
230 1937
230 3867
231 4616
231 2842
231 3839
231 655
231 1029
231 1151
231 2969
231 3437
231 4526
231 2340
231 4136
231 2960
231 1495
231 3187
231 3256
232 2462
232 4639
232 3997
232 4541
232 980
232 5018
232 4104
232 1437
232 812
232 3663
232 2959
232 2895
232 3902
232 4728
232 1357
233 3035
233 344
233 227
233 1594
233 4156
233 146
233 2202
233 3806
233 3836
233 1290
233 957
233 1546
233 1314
233 1241
233 50
234 1742
234 1053
234 3268
234 120
234 4912
234 2079
234 251
234 873
234 2616
234 3362
234 448
234 3994
234 487
234 87
234 4744
235 1718
235 2947
235 4777
235 4029
235 1712
235 2643
235 3949
235 4641
235 3537
235 3852
235 3185
235 5004
235 4812
235 4742
235 3889
236 3565
236 43
236 3892
236 1149
236 1059
236 651
236 2353
236 4799
236 3159
236 489
236 4012
236 4718
236 2508
236 2400
236 2901
237 3502
237 4045
237 4079
237 1616
237 3047
237 4984
237 4987
237 3417
237 4277
237 4682
237 3925
237 4824
237 1224
237 1463
237 4224
238 4818
238 1353
238 4173
238 3071
238 4999
238 3637
238 3661
238 2662
238 2589
238 3856
238 526
238 2595
238 3781
238 808
238 3143
239 2382
239 2227
239 3411
239 1150
239 2440
239 402
239 2956
239 139
239 4038
239 796
239 224
239 1228
239 63
239 4782
239 625
240 3990
240 4150
240 370
240 726
240 3080
240 4517
240 3257
240 2539
240 2691
240 3888
240 3656
240 2860
240 2682
240 4350
240 4008
241 517
241 2555
241 1534
241 318
241 3215
241 4076
241 1511
241 2756
241 365
241 1385
241 4043
241 2548
241 3272
241 1559
241 3082
242 3229
242 4542
242 3737
242 701
242 1055
242 3689
242 739
242 4395
242 4584
242 3336
242 1960
242 2009
242 1556
242 2160
242 3017
243 1360
243 1629
243 158
243 1237
243 3375
243 1618
243 363
243 2183
243 1363
243 1323
243 886
243 1123
243 785
243 844
243 2479
244 2299
244 4715
244 483
244 2988
244 3821
244 1267
244 4445
244 446
244 2451
244 4979
244 4036
244 1308
244 4017
244 256
244 3388
245 2167
245 3975
245 652
245 2624
245 1668
245 1492
245 4600
245 3613
245 2115
245 943
245 4539
245 1168
245 1239
245 1212
245 3002
246 2303
246 2266
246 2949
246 121
246 201
246 202
246 614
246 1448
246 152
246 4229
246 4861
246 2526
246 254
246 4814
246 2809
247 3864
247 1710
247 2758
247 2736
247 31
247 4990
247 4680
247 1499
247 909
247 3971
247 1647
247 2534
247 5025
247 4755
247 1844
248 2134
248 2247
248 2067
248 2514
248 3326
248 4590
248 2111
248 3392
248 2605
248 1127
248 4183
248 1458
248 2233
248 736
248 2669
249 627
249 2137
249 4889
249 1552
249 4737
249 2135
249 3728
249 534
249 411
249 1396
249 658
249 1676
249 90
249 1264
249 2388
250 1615
250 877
250 1656
250 3233
250 1828
250 2410
250 167
250 3459
250 2234
250 4400
250 1166
250 2566
250 3131
250 2512
250 2649
251 4124
251 2370
251 2129
251 2351
251 4289
251 4765
251 803
251 3542
251 414
251 1444
251 3518
251 2509
251 1971
251 2238
251 83
252 4276
252 290
252 3051
252 3612
252 1233
252 2034
252 864
252 4508
252 4712
252 4324
252 1249
252 1925
252 4059
252 1673
252 3752
253 1655
253 4142
253 1266
253 1326
253 3837
253 511
253 4544
253 938
253 4875
253 1305
253 2194
253 825
253 3878
253 3964
253 3176
254 2450
254 3113
254 1749
254 3318
254 2761
254 3146
254 2752
254 3192
254 2235
254 291
254 1476
254 3526
254 2280
254 2804
254 4883
255 4837
255 1739
255 4341
255 3269
255 4893
255 1321
255 426
255 3266
255 2654
255 4194
255 2617
255 2118
255 2184
255 3230
255 387
256 4446
256 530
256 2919
256 880
256 2456
256 4435
256 1809
256 1859
256 355
256 523
256 3860
256 733
256 3657
256 4567
256 1617
257 978
257 3629
257 240
257 3223
257 2255
257 1438
257 2345
257 4739
257 4449
257 1726
257 1773
257 4953
257 2287
257 2242
257 2277
258 1033
258 4343
258 3243
258 1862
258 1023
258 518
258 3978
258 182
258 3182
258 10
258 5000
258 379
258 226
258 603
258 3824
259 2604
259 998
259 2107
259 3096
259 8
259 3252
259 266
259 354
259 2315
259 2739
259 131
259 3952
259 2393
259 141
259 1320
260 88
260 1593
260 2436
260 1948
260 2190
260 964
260 954
260 710
260 2187
260 2081
260 1322
260 163
260 1198
260 2890
260 466
261 70
261 3491
261 3436
261 4903
261 620
261 380
261 2342
261 142
261 3759
261 3208
261 281
261 2232
261 4688
261 3668
261 637
262 2495
262 4105
262 1436
262 336
262 1342
262 2590
262 72
262 1172
262 782
262 4284
262 4791
262 1069
262 4054
262 3573
262 1379
263 1054
263 1250
263 1032
263 4546
263 4303
263 2921
263 1744
263 1737
263 3247
263 1687
263 1246
263 2484
263 1848
263 2369
263 3785
264 4219
264 3957
264 1450
264 430
264 4594
264 935
264 1795
264 3851
264 2598
264 3264
264 2245
264 1252
264 220
264 1355
264 2627
265 1192
265 1853
265 368
265 1038
265 2869
265 427
265 568
265 1093
265 3898
265 915
265 4
265 3117
265 4660
265 2460
265 4745
266 86
266 4025
266 2091
266 3859
266 926
266 3323
266 674
266 1417
266 1817
266 3729
266 4470
266 3712
266 369
266 4073
266 3506
267 4130
267 4683
267 3162
267 4002
267 3694
267 234
267 3472
267 176
267 1077
267 1799
267 4100
267 1440
267 3905
267 681
267 2618
268 1344
268 673
268 2715
268 2961
268 976
268 3982
268 71
268 1469
268 2812
268 4313
268 2596
268 4643
268 576
268 4620
268 3980
269 2373
269 551
269 4922
269 3869
269 1259
269 289
269 3412
269 432
269 357
269 1289
269 3903
269 951
269 4756
269 2037
269 2747
270 4717
270 4389
270 4138
270 4022
270 5016
270 1272
270 3462
270 1879
270 3648
270 2237
270 2542
270 92
270 2924
270 902
270 4253
271 3614
271 1214
271 3958
271 723
271 4564
271 4465
271 3986
271 4292
271 1639
271 3620
271 767
271 4578
271 3713
271 4450
271 4842
272 2203
272 502
272 184
272 1351
272 1116
272 1231
272 1162
272 3910
272 4943
272 4841
272 1627
272 3221
272 3721
272 2983
272 2161
273 3602
273 1983
273 1078
273 1497
273 1933
273 2455
273 4483
273 3340
273 4154
273 5003
273 1253
273 3811
273 3801
273 1491
273 510
274 4507
274 371
274 956
274 4991
274 4817
274 2724
274 3225
274 1295
274 187
274 1453
274 4085
274 504
274 3549
274 2404
274 4466
275 1985
275 1468
275 769
275 4632
275 2785
275 386
275 4941
275 4512
275 66
275 810
275 4331
275 4905
275 797
275 4937
275 2027
276 2648
276 2872
276 538
276 2831
276 2200
276 2309
276 3402
276 4125
276 4436
276 2172
276 4690
276 1756
276 2541
276 1442
276 1661
277 791
277 4457
277 4757
277 1622
277 3897
277 1982
277 14
277 2813
277 519
277 4505
277 4498
277 3927
277 1242
277 4596
277 3649
278 4936
278 398
278 578
278 1419
278 4382
278 3158
278 2626
278 3474
278 3961
278 3369
278 2977
278 4055
278 3374
278 1677
278 2120
279 4097
279 3410
279 185
279 981
279 1753
279 479
279 4633
279 1871
279 1364
279 4499
279 3444
279 1936
279 4191
279 1194
279 1913
280 1922
280 33
280 1745
280 3553
280 4345
280 2852
280 4010
280 3274
280 4410
280 872
280 2313
280 1483
280 3348
280 2061
280 2357
281 3307
281 2149
281 1362
281 3922
281 1822
281 225
281 2031
281 4704
281 1047
281 1953
281 795
281 4848
281 2816
281 1523
281 2158
282 2269
282 933
282 1803
282 730
282 1174
282 1793
282 3740
282 1137
282 1018
282 3734
282 904
282 1007
282 1872
282 2937
282 3154
283 881
283 2092
283 3290
283 4260
283 3457
283 3089
283 4221
283 117
283 2243
283 753
283 826
283 1767
283 947
283 1235
283 1098
284 3219
284 2042
284 277
284 102
284 2344
284 2131
284 1397
284 4028
284 1470
284 119
284 4155
284 607
284 4815
284 2587
284 3601
285 1820
285 543
285 1703
285 1073
285 2920
285 559
285 4112
285 896
285 3884
285 2480
285 1377
285 2909
285 1831
285 3507
285 1008
286 3183
286 2657
286 2387
286 922
286 4023
286 571
286 1282
286 670
286 564
286 4547
286 4551
286 1074
286 1515
286 410
286 560
287 2687
287 3744
287 3880
287 2917
287 4129
287 1521
287 3817
287 3023
287 4115
287 4107
287 3960
287 124
287 3288
287 1367
287 2033
288 2581
288 3337
288 529
288 97
288 3423
288 2260
288 4204
288 3498
288 3524
288 2717
288 4143
288 4885
288 1646
288 4158
288 815
289 3190
289 2421
289 4644
289 1660
289 1173
289 3615
289 435
289 1878
289 4954
289 2907
289 4448
289 3291
289 15
289 4535
289 3547
290 545
290 1975
290 4629
290 3046
290 3177
290 2263
290 3357
290 3913
290 1921
290 2417
290 1091
290 942
290 4665
290 2576
290 1473
291 3464
291 208
291 793
291 1670
291 2820
291 2976
291 1086
291 3962
291 2354
291 4801
291 2077
291 2420
291 3782
291 4426
291 5026
292 3210
292 3199
292 1140
292 3490
292 3722
292 4444
292 890
292 843
292 367
292 2286
292 2615
292 3070
292 1994
292 3566
292 952
293 3212
293 1967
293 2735
293 4118
293 3296
293 913
293 2039
293 4086
293 1638
293 644
293 3998
293 183
293 3121
293 879
293 921
294 4642
294 95
294 4384
294 3702
294 4249
294 4273
294 4098
294 4516
294 4231
294 127
294 438
294 366
294 3484
294 3456
294 2138
295 3384
295 35
295 2366
295 1216
295 4605
295 643
295 3373
295 2952
295 3943
295 4217
295 766
295 188
295 286
295 1702
295 3019
296 3672
296 4246
296 216
296 2207
296 3505
296 789
296 3475
296 4320
296 1299
296 5019
296 3653
296 421
296 4383
296 3699
296 1050
297 2141
297 4860
297 2445
297 2087
297 135
297 1175
297 2963
297 3370
297 2356
297 2020
297 1545
297 2474
297 1102
297 606
297 2105
298 685
298 4113
298 4768
298 1124
298 4048
298 2395
298 3042
298 2088
298 1219
298 1337
298 3950
298 1980
298 352
298 4628
298 4168
299 4334
299 3680
299 1197
299 4734
299 829
299 4243
299 1350
299 2742
299 2036
299 4873
299 3681
299 596
299 4111
299 1215
299 3404
300 4520
300 4167
300 1918
300 3563
300 2835
300 3056
300 1255
300 1303
300 4980
300 2793
300 4945
300 3265
300 4333
300 1399
300 4069
301 2246
301 3163
301 1048
301 3623
301 3611
301 4500
301 509
301 61
301 2446
301 399
301 3255
301 4342
301 2753
301 3390
301 4695
302 4689
302 1542
302 4563
302 4971
302 3756
302 4638
302 2929
302 2075
302 4741
302 11
302 1600
302 1610
302 1716
302 2306
302 1226
303 1208
303 2594
303 1706
303 4325
303 2349
303 790
303 3282
303 4379
303 3292
303 4393
303 2519
303 1001
303 4279
303 3497
303 1222
304 4931
304 4481
304 1896
304 2927
304 2577
304 1893
304 4376
304 108
304 1678
304 3596
304 2647
304 3765
304 4266
304 675
304 1819
305 604
305 4973
305 3766
305 4120
305 755
305 471
305 4867
305 4770
305 2229
305 1462
305 3742
305 3115
305 4618
305 3868
305 3912
306 3585
306 3938
306 41
306 2025
306 876
306 1912
306 1136
306 4750
306 1947
306 1576
306 2524
306 2991
306 4196
306 2621
306 2214
307 4132
307 2912
307 4193
307 316
307 4216
307 3594
307 1138
307 2499
307 1785
307 4732
307 1518
307 3534
307 4477
307 3718
307 5022
308 3660
308 2501
308 278
308 2317
308 3260
308 235
308 3644
308 2798
308 2722
308 2252
308 1891
308 3473
308 4385
308 3006
308 3983
309 3407
309 1965
309 2204
309 3298
309 4084
309 3520
309 3167
309 2517
309 3234
309 1288
309 3359
309 4719
309 646
309 2104
309 2122
310 2337
310 1148
310 2832
310 4595
310 3232
310 1265
310 2714
310 2546
310 1082
310 3433
310 4550
310 3090
310 968
310 2876
310 112
311 2718
311 3683
311 4587
311 4265
311 1467
311 2674
311 1928
311 1329
311 2905
311 3545
311 1999
311 156
311 566
311 5005
311 2476
312 2139
312 1671
312 2272
312 3989
312 585
312 4671
312 1758
312 263
312 3116
312 54
312 4522
312 3088
312 1297
312 2586
312 1414
313 3822
313 4829
313 869
313 1348
313 669
313 4209
313 4525
313 1418
313 2191
313 1690
313 4411
313 4627
313 3770
313 4091
313 4751
314 4189
314 2452
314 4794
314 4163
314 1248
314 4543
314 456
314 4892
314 702
314 5009
314 26
314 691
314 4218
314 1211
314 4485
315 762
315 2660
315 4636
315 2251
315 2681
315 1040
315 508
315 3308
315 2935
315 1424
315 2147
315 1911
315 3543
315 1381
315 3478
316 268
316 2931
316 1834
316 3993
316 2814
316 3105
316 165
316 686
316 4807
316 2938
316 4270
316 3516
316 3499
316 2631
316 1220
317 2710
317 3053
317 2350
317 3231
317 4802
317 2021
317 114
317 285
317 878
317 1962
317 2743
317 2119
317 4795
317 4200
317 77
318 4329
318 4166
318 4000
318 3111
318 1813
318 4190
318 983
318 2563
318 1987
318 4907
318 2489
318 283
318 297
318 1269
318 562
319 1302
319 59
319 3693
319 1067
319 1441
319 2060
319 138
319 934
319 2779
319 2148
319 4004
319 2326
319 106
319 134
319 3714
320 2651
320 3001
320 563
320 3342
320 2431
320 2800
320 334
320 3254
320 845
320 1623
320 269
320 3716
320 1683
320 1105
320 3684
321 1283
321 4141
321 4940
321 144
321 1906
321 1339
321 464
321 1827
321 3322
321 39
321 3087
321 1331
321 1484
321 133
321 631
322 2781
322 2787
322 2223
322 2475
322 3283
322 3632
322 3579
322 1089
322 1504
322 2829
322 1979
322 4056
322 3747
322 1051
322 4244
323 2300
323 330
323 1
323 949
323 752
323 665
323 4272
323 4015
323 2467
323 659
323 2894
323 4371
323 4729
323 2259
323 958
324 4063
324 149
324 512
324 2770
324 4571
324 1095
324 6
324 2004
324 2319
324 4617
324 3876
324 2298
324 2811
324 364
324 621
325 4005
325 1725
325 4886
325 837
325 3202
325 4323
325 5011
325 3911
325 2379
325 2893
325 3640
325 4786
325 3448
325 1223
325 3271
326 4746
326 3239
326 4293
326 2843
326 2249
326 1411
326 4044
326 2406
326 2915
326 809
326 4215
326 4580
326 3630
326 4800
326 3034
327 44
327 4523
327 2531
327 4675
327 3065
327 1996
327 2056
327 7
327 1746
327 2504
327 4437
327 2609
327 4463
327 3461
327 4771
328 3945
328 2281
328 4754
328 1770
328 2014
328 925
328 2565
328 4803
328 4773
328 4986
328 3299
328 1391
328 4924
328 2730
328 1445
329 828
329 2217
329 2128
329 4493
329 4915
329 23
329 2932
329 3987
329 870
329 3726
329 4536
329 865
329 802
329 1640
329 469
330 3016
330 836
330 3793
330 1662
330 3150
330 4417
330 931
330 1780
330 740
330 4684
330 4319
330 232
330 1782
330 1258
330 4377
331 3024
331 4428
331 1422
331 16
331 842
331 2823
331 1083
331 4949
331 3387
331 4647
331 1835
331 2367
331 3360
331 2493
331 1765
332 4151
332 2568
332 4808
332 2270
332 995
332 1236
332 1829
332 2745
332 3
332 391
332 4635
332 3810
332 4178
332 1256
332 3347
333 292
333 1482
333 744
333 3639
333 1276
333 4402
333 3224
333 579
333 3149
333 1890
333 899
333 2859
333 60
333 1427
333 3453
334 996
334 2825
334 3125
334 1005
334 989
334 4533
334 2117
334 1626
334 3139
334 4797
334 758
334 2599
334 1754
334 4623
334 1109
335 1691
335 2857
335 2588
335 2749
335 4301
335 2582
335 378
335 65
335 1043
335 3324
335 2891
335 4846
335 4290
335 4787
335 3995
336 2383
336 2797
336 1978
336 3157
336 49
336 3365
336 776
336 3114
336 404
336 498
336 611
336 4359
336 2215
336 4365
336 1403
1 6394
1 7483
1 6829
1 9069
1 5965
1 9481
1 6913
2 8382
2 9122
2 7107
2 7439
2 7485
2 7920
2 5053
3 7410
3 8944
3 8991
3 8006
3 8738
3 7940
3 5113
4 6581
4 5170
4 9073
4 10023
4 5204
4 6984
4 6384
5 9813
5 5963
5 5474
5 6782
5 9617
5 6406
5 6456
6 8912
6 7685
6 7135
6 9917
6 5266
6 5235
6 6033
7 9262
7 8342
7 6820
7 8680
7 6224
7 9419
7 7389
8 5694
8 10060
8 6018
8 8865
8 5175
8 9989
8 7838
9 9154
9 9338
9 5099
9 7388
9 5390
9 7889
9 5573
10 8484
10 8713
10 7189
10 9804
10 9903
10 8465
10 8497
11 7713
11 5084
11 9235
11 6359
11 8331
11 7184
11 7776
12 8781
12 7514
12 7633
12 7963
12 9429
12 8030
12 8306
13 8009
13 7937
13 6578
13 8450
13 7682
13 6446
13 9516
14 9803
14 9326
14 9232
14 8853
14 6327
14 5429
14 8329
15 7708
15 6491
15 7373
15 6806
15 5234
15 8711
15 5603
16 7550
16 7345
16 6542
16 9091
16 7727
16 5188
16 8558
17 6654
17 6334
17 8650
17 5052
17 8167
17 6037
17 9125
18 6144
18 5716
18 9452
18 6304
18 8231
18 8622
18 8480
19 6906
19 5619
19 10009
19 5877
19 9807
19 7419
19 8914
20 8407
20 8283
20 8112
20 9426
20 9964
20 5565
20 9824
21 5414
21 7071
21 7404
21 9139
21 8550
21 8027
21 6948
22 8302
22 7130
22 9583
22 7306
22 6321
22 5271
22 5210
23 8245
23 8969
23 8398
23 7747
23 7562
23 6089
23 6524
24 8590
24 9955
24 9211
24 6557
24 9223
24 6991
24 6169
25 8871
25 6813
25 7815
25 6555
25 8835
25 9364
25 5217
26 6101
26 9723
26 8123
26 8978
26 7732
26 6353
26 9305
27 6762
27 8860
27 6496
27 9528
27 9600
27 5252
27 8647
28 10032
28 8166
28 7539
28 7651
28 9084
28 7572
28 7457
29 5932
29 5238
29 5205
29 8521
29 8029
29 6642
29 8328
30 6713
30 6481
30 5105
30 7295
30 9614
30 7831
30 8816
31 8093
31 9001
31 6627
31 9298
31 7239
31 5146
31 9680
32 8592
32 9059
32 9879
32 5613
32 8995
32 8831
32 8719
33 7289
33 5104
33 6219
33 8955
33 6161
33 5296
33 5465
34 9136
34 5129
34 7472
34 5145
34 8665
34 6053
34 8163
35 6912
35 9329
35 7505
35 8593
35 6931
35 6551
35 8556
36 6386
36 6364
36 8980
36 7882
36 9245
36 9672
36 5576
37 6184
37 9671
37 8748
37 8701
37 5342
37 6954
37 7002
38 5652
38 9149
38 8394
38 5718
38 7273
38 8891
38 5562
39 6547
39 8625
39 6199
39 7338
39 5459
39 7722
39 8699
40 6451
40 8567
40 6934
40 8400
40 8755
40 7737
40 5444
41 5068
41 7955
41 5366
41 7621
41 5598
41 7771
41 6508
42 5939
42 8892
42 6704
42 6090
42 8984
42 5132
42 8249
43 5530
43 8560
43 5509
43 7524
43 9088
43 9365
43 8762
44 9464
44 10044
44 5855
44 9439
44 7113
44 8071
44 8918
45 8250
45 6558
45 6450
45 6331
45 8729
45 8256
45 7728
46 7785
46 7532
46 9342
46 6387
46 8495
46 7803
46 8691
47 7660
47 7028
47 6150
47 6058
47 6671
47 9141
47 5894
48 9830
48 7517
48 8509
48 6404
48 6222
48 9127
48 7561
49 9003
49 9835
49 9349
49 5683
49 5924
49 5575
49 6284
50 5754
50 9422
50 9898
50 7254
50 6360
50 6935
50 7088
51 9187
51 8780
51 7167
51 6025
51 6411
51 7958
51 6570
52 7584
52 7011
52 7999
52 7925
52 5699
52 6140
52 6715
53 5110
53 7854
53 9312
53 6961
53 5638
53 7557
53 5628
54 5480
54 6212
54 5750
54 9979
54 5583
54 5874
54 7168
55 7128
55 8751
55 6584
55 8215
55 6869
55 5377
55 8474
56 8192
56 7267
56 9479
56 9460
56 8221
56 9462
56 8276
57 6347
57 5935
57 6626
57 8376
57 5986
57 9467
57 6017
58 8750
58 8689
58 5300
58 9484
58 6736
58 8881
58 5696
59 6693
59 9042
59 5955
59 9400
59 6049
59 9881
59 5310
60 7536
60 8882
60 5302
60 9919
60 9010
60 9498
60 5451
61 6568
61 7911
61 8134
61 8021
61 7099
61 7101
61 8807
62 8351
62 6240
62 9899
62 8634
62 5438
62 6676
62 9150
63 9559
63 8268
63 7588
63 9251
63 7863
63 7326
63 5335
64 9311
64 9427
64 6590
64 8990
64 9887
64 7227
64 6382
65 6435
65 8391
65 9799
65 8411
65 8063
65 7236
65 6674
66 9143
66 6543
66 6142
66 7444
66 7060
66 5510
66 9446
67 8197
67 7140
67 9556
67 6097
67 5392
67 7620
67 5435
68 6066
68 5777
68 5045
68 7148
68 8868
68 7029
68 9933
69 5228
69 6307
69 6019
69 5851
69 8307
69 9834
69 7093
70 8782
70 8682
70 7023
70 6275
70 8899
70 8205
70 8583
71 9698
71 7052
71 7358
71 6804
71 8498
71 6960
71 5654
72 8409
72 8673
72 9227
72 7697
72 8568
72 7805
72 6889
73 6690
73 8207
73 7755
73 7574
73 5402
73 10066
73 9873
74 5665
74 8649
74 8094
74 7715
74 6816
74 8500
74 9795
75 7678
75 10070
75 5069
75 6515
75 9631
75 9385
75 5179
76 8378
76 9519
76 5314
76 8203
76 9862
76 9667
76 9914
77 5781
77 9878
77 7640
77 10056
77 7122
77 5886
77 6827
78 9465
78 7748
78 7858
78 7454
78 9812
78 9324
78 6576
79 7300
79 6732
79 5502
79 7986
79 8300
79 6585
79 7366
80 9461
80 8654
80 8785
80 8728
80 7253
80 5759
80 6881
81 7878
81 5934
81 6403
81 8124
81 7601
81 6694
81 9507
82 8396
82 7916
82 6286
82 8548
82 8344
82 8304
82 8826
83 7599
83 9720
83 7371
83 5273
83 8779
83 5743
83 9241
84 7661
84 8763
84 8291
84 9916
84 5612
84 5453
84 6649
85 8066
85 6457
85 5495
85 5704
85 9048
85 6211
85 6181
86 7751
86 5096
86 7355
86 7877
86 7136
86 6664
86 5971
87 9939
87 7482
87 7337
87 7458
87 5636
87 8370
87 9248
88 9280
88 9652
88 9761
88 6811
88 6647
88 5047
88 9810
89 10075
89 8442
89 5659
89 5260
89 9920
89 5227
89 5863
90 9503
90 7669
90 5381
90 5900
90 7310
90 7907
90 8150
91 6196
91 5706
91 6823
91 6861
91 8222
91 9561
91 6319
92 8524
92 8773
92 6042
92 8054
92 6326
92 6981
92 8856
93 5926
93 7782
93 6007
93 6338
93 9108
93 9161
93 8839
94 10022
94 8420
94 5878
94 6346
94 8933
94 5957
94 8919
95 7942
95 6254
95 8725
95 8596
95 7555
95 8791
95 8693
96 7791
96 8020
96 8872
96 6952
96 5431
96 5856
96 6281
97 7435
97 8343
97 9568
97 6546
97 5807
97 7304
97 5269
98 9082
98 9156
98 6641
98 6610
98 6942
98 7945
98 8440
99 5698
99 9828
99 9236
99 7214
99 6425
99 7436
99 5876
100 8543
100 9699
100 5242
100 9119
100 5067
100 8769
100 9577
101 8587
101 5921
101 8469
101 8660
101 7352
101 7401
101 7943
102 8787
102 7516
102 8464
102 5591
102 10043
102 8199
102 8565
103 7723
103 8511
103 9540
103 8948
103 7438
103 6032
103 9355
104 8765
104 9746
104 9415
104 8921
104 9562
104 9943
104 5625
105 9744
105 6337
105 6734
105 9704
105 9374
105 8531
105 7617
106 8849
106 8736
106 9360
106 7814
106 5046
106 5304
106 5967
107 6160
107 6559
107 6854
107 6218
107 8576
107 6039
107 6506
108 5195
108 6884
108 9615
108 8111
108 8793
108 6238
108 6141
109 8571
109 7162
109 7904
109 7119
109 7220
109 8153
109 7489
110 8512
110 6783
110 5682
110 9915
110 5978
110 9257
110 5449
111 8491
111 9508
111 6062
111 10058
111 7315
111 5231
111 8687
112 9067
112 7754
112 5212
112 8473
112 5194
112 8595
112 8706
113 7441
113 5445
113 9793
113 5286
113 7902
113 8678
113 6201
114 8410
114 5332
114 5161
114 8936
114 5908
114 5126
114 7201
115 5522
115 7619
115 8795
115 8538
115 7074
115 9488
115 9333
116 8322
116 5839
116 7761
116 6268
116 8022
116 6787
116 9637
117 6748
117 9936
117 7302
117 5382
117 5180
117 6686
117 8956
118 8620
118 5206
118 7014
118 5840
118 6504
118 8333
118 9726
119 9981
119 9202
119 7154
119 7719
119 9865
119 6445
119 7624
120 8179
120 9963
120 7301
120 6529
120 8732
120 5419
120 7177
121 8412
121 9344
121 8878
121 8415
121 7473
121 9513
121 7051
122 10071
122 6838
122 5719
122 7408
122 5888
122 5324
122 9178
123 5653
123 6098
123 9601
123 7057
123 7268
123 8702
123 8154
124 6909
124 7709
124 6738
124 6808
124 7922
124 8544
124 7129
125 6395
125 9664
125 7841
125 6607
125 5768
125 7696
125 9377
126 8098
126 8128
126 8295
126 9186
126 8525
126 9157
126 8574
127 8947
127 7085
127 5185
127 6078
127 5439
127 9435
127 7567
128 9613
128 7890
128 7082
128 5529
128 8068
128 6938
128 10029
129 6317
129 6767
129 8114
129 5766
129 9640
129 9765
129 6800
130 5454
130 6566
130 7471
130 6272
130 7730
130 5827
130 8908
131 5493
131 6754
131 8118
131 5041
131 7195
131 8740
131 5818
132 5081
132 5944
132 8958
132 6333
132 5765
132 6423
132 7282
133 5183
133 9696
133 8492
133 8048
133 9864
133 6433
133 8036
134 8281
134 8855
134 8164
134 7825
134 5649
134 6710
134 8419
135 9310
135 9900
135 5259
135 5169
135 7979
135 7509
135 5600
136 7307
136 8619
136 5279
136 7417
136 7416
136 8833
136 5785
137 8126
137 8913
137 8162
137 5864
137 8001
137 9946
137 8940
138 7636
138 5812
138 8877
138 7569
138 6857
138 6716
138 10069
139 6985
139 7822
139 9363
139 5601
139 5729
139 9035
139 8904
140 6430
140 6482
140 5254
140 6511
140 8137
140 8569
140 6287
141 5701
141 9197
141 9716
141 6206
141 6352
141 8532
141 9124
142 7020
142 8608
142 8487
142 8679
142 9114
142 5755
142 5547
143 9404
143 5627
143 5566
143 8079
143 6436
143 5042
143 8611
144 9811
144 8718
144 9780
144 9796
144 9144
144 7187
144 5767
145 9732
145 6269
145 5299
145 9471
145 9709
145 6927
145 5917
146 5398
146 5981
146 9633
146 5165
146 5895
146 9482
146 5405
147 6296
147 8043
147 9200
147 6157
147 6824
147 6685
147 8371
148 8227
148 7191
148 7391
148 9925
148 10051
148 5044
148 8466
149 8267
149 9772
149 5077
149 8735
149 8131
149 5592
149 5158
150 6723
150 5330
150 6678
150 8615
150 7827
150 8087
150 8453
151 5154
151 6494
151 7077
151 6516
151 5356
151 6815
151 7525
152 8533
152 9284
152 6380
152 9897
152 6930
152 6289
152 9858
153 8564
153 8964
153 7691
153 7072
153 8475
153 6059
153 9493
154 8950
154 6517
154 9522
154 9815
154 5452
154 8557
154 9274
155 9433
155 5667
155 5301
155 6246
155 9541
155 8404
155 7753
156 6822
156 9361
156 7465
156 5491
156 9779
156 5280
156 9896
157 5756
157 9965
157 5775
157 7739
157 5326
157 7762
157 7035
158 9380
158 8957
158 6635
158 9283
158 9376
158 9457
158 6071
159 9393
159 9032
159 6114
159 5761
159 9432
159 6147
159 8716
160 9996
160 8242
160 6420
160 9618
160 9413
160 6489
160 8828
161 8628
161 6651
161 5605
161 6390
161 5100
161 8506
161 9340
162 6209
162 8388
162 8697
162 7850
162 6249
162 5325
162 5823
163 7363
163 6188
163 6718
163 7328
163 7783
163 8416
163 5201
164 7725
164 9095
164 10079
164 5159
164 7256
164 7759
164 8324
165 9389
165 6885
165 8044
165 6391
165 5112
165 6213
165 5825
166 6764
166 5735
166 8537
166 6474
166 9062
166 7407
166 9276
167 8346
167 7008
167 6138
167 8208
167 5083
167 8998
167 7174
168 6868
168 5533
168 9455
168 7316
168 9362
168 8472
168 6609
169 7278
169 9693
169 9855
169 8408
169 7118
169 9651
169 8598
170 5882
170 7985
170 8494
170 5540
170 9034
170 8385
170 5499
171 5345
171 7103
171 8798
171 10040
171 6974
171 8505
171 5521
172 9307
172 7990
172 7635
172 5282
172 9453
172 7024
172 9132
173 6044
173 9984
173 6810
173 7865
173 7039
173 9492
173 5708
174 6214
174 6261
174 9934
174 5107
174 9485
174 7196
174 9536
175 5076
175 6191
175 8907
175 9155
175 5748
175 5349
175 6047
176 5508
176 6850
176 8635
176 5490
176 6367
176 6645
176 5792
177 5401
177 8181
177 5751
177 9661
177 8169
177 10027
177 8225
178 7777
178 6541
178 5407
178 9454
178 6203
178 7210
178 5073
179 5544
179 6300
179 6176
179 8340
179 7894
179 8597
179 9278
180 9317
180 7212
180 8086
180 8960
180 5523
180 8191
180 7634
181 8210
181 7910
181 6149
181 6502
181 5813
181 5347
181 6717
182 9447
182 5884
182 8857
182 7810
182 6785
182 8100
182 8968
183 9691
183 8534
183 9266
183 9394
183 8797
183 8529
183 7350
184 7558
184 6929
184 8874
184 8055
184 8104
184 5764
184 5809
185 5973
185 8637
185 7340
185 6355
185 5668
185 7849
185 7606
186 8108
186 5192
186 5901
186 9061
186 6880
186 8194
186 9542
187 9880
187 6990
187 5689
187 5149
187 7249
187 7655
187 6381
188 6413
188 8925
188 7741
188 9630
188 5293
188 6167
188 5162
189 6057
189 9818
189 6320
189 8820
189 7927
189 6121
189 9111
190 7649
190 6608
190 7109
190 7241
190 7257
190 5476
190 6303
191 7552
191 9957
191 6487
191 6737
191 6329
191 6505
191 8335
192 5470
192 5819
192 7780
192 5443
192 9421
192 7798
192 8551
193 9350
193 9612
193 8099
193 6663
193 6341
193 9347
193 6283
194 6388
194 8717
194 6835
194 5386
194 9766
194 7987
194 7474
195 6531
195 9708
195 6582
195 5737
195 7018
195 9962
195 9172
196 6221
196 9609
196 5498
196 7786
196 8427
196 9545
196 7213
197 8028
197 8017
197 7096
197 9195
197 9768
197 9606
197 8263
198 9487
198 9190
198 9303
198 9314
198 8638
198 8672
198 8170
199 6485
199 5384
199 8514
199 7738
199 9337
199 6875
199 9414
200 9715
200 8985
200 7522
200 9971
200 6766
200 9371
200 5849
201 8668
201 5312
201 9339
201 6791
201 8082
201 7369
201 7478
202 6464
202 5657
202 9279
202 9721
202 6536
202 9313
202 7919
203 7957
203 7333
203 5868
203 9634
203 10016
203 6293
203 8953
204 6561
204 5298
204 7563
204 7502
204 8614
204 9823
204 6703
205 6429
205 8810
205 7292
205 8233
205 5223
205 5182
205 7281
206 7613
206 7616
206 9638
206 10014
206 9871
206 5308
206 5331
207 5513
207 6402
207 6136
207 5155
207 8946
207 8266
207 8004
208 9785
208 9106
208 7893
208 7767
208 9689
208 5440
208 5640
209 7218
209 8433
209 5933
209 6251
209 6874
209 8313
209 6399
210 6765
210 7909
210 9843
210 6539
210 7820
210 5487
210 6120
211 9969
211 7643
211 7121
211 5122
211 8155
211 9904
211 6733
212 7684
212 8734
212 6005
212 8632
212 5644
212 5705
212 8046
213 5814
213 5919
213 8866
213 7906
213 5359
213 6257
213 7086
214 7735
214 9705
214 7992
214 7540
214 5830
214 10061
214 7418
215 5246
215 6125
215 8173
215 9359
215 9012
215 7853
215 9410
216 6322
216 8274
216 6185
216 8247
216 5800
216 7533
216 6724
217 9985
217 7343
217 8903
217 7390
217 7381
217 5118
217 5609
218 9256
218 7291
218 8369
218 6977
218 9109
218 6867
218 7332
219 8117
219 6130
219 5772
219 8365
219 8356
219 8648
219 10003
220 7000
220 6553
220 9077
220 5313
220 9960
220 6819
220 8384
221 5148
221 8141
221 8922
221 6622
221 9068
221 8621
221 9675
222 9328
222 6864
222 9024
222 5276
222 6348
222 5245
222 9831
223 8144
223 7211
223 6525
223 5058
223 5663
223 9808
223 5866
224 5285
224 7311
224 7319
224 7847
224 9949
224 7143
224 5717
225 9152
225 8065
225 5216
225 7392
225 5147
225 5177
225 8165
226 5191
226 5554
226 8652
226 7259
226 5061
226 5446
226 9113
227 8339
227 6374
227 6781
227 7165
227 5082
227 7172
227 6354
228 8471
228 6477
228 10050
228 9534
228 7835
228 6280
228 6061
229 10064
229 7308
229 8501
229 9999
229 9181
229 5643
229 7325
230 9056
230 7967
230 7687
230 6831
230 8320
230 8961
230 5686
231 5507
231 5639
231 7359
231 6361
231 8609
231 8676
231 5915
232 5715
232 9890
232 7743
232 5968
232 8372
232 7704
232 8775
233 7427
233 8067
233 9817
233 8008
233 6695
233 9870
233 6798
234 5505
234 5551
234 6604
234 9386
234 8252
234 8309
234 7183
235 6493
235 8830
235 6821
235 6021
235 7403
235 7090
235 7027
236 9086
236 8819
236 8470
236 6226
236 6325
236 9841
236 8573
237 5354
237 5631
237 5841
237 7644
237 9884
237 5124
237 7349
238 7607
238 9926
238 7031
238 8174
238 7591
238 6613
238 6759
239 9345
239 9718
239 6518
239 7477
239 8916
239 8425
239 6842
240 6726
240 6495
240 9229
240 8354
240 10010
240 6290
240 6625
241 7870
241 6979
241 7818
241 5738
241 5358
241 5552
241 5943
242 9728
242 8510
242 7287
242 9580
242 5937
242 5579
242 7134
243 5090
243 7519
243 7611
243 5140
243 5883
243 7921
243 6154
244 8272
244 7443
244 5233
244 8982
244 6371
244 7720
244 5998
245 9358
245 9784
245 8214
245 9851
245 9566
245 8712
245 6458
246 9585
246 9478
246 6520
246 5241
246 6153
246 9325
246 8825
247 7176
247 5709
247 8293
247 6313
247 5593
247 7155
247 7266
248 8076
248 9694
248 8168
248 5556
248 6168
248 7565
248 6636
249 7445
249 5656
249 7740
249 5222
249 7949
249 6096
249 6696
250 5196
250 7980
250 6631
250 9714
250 8788
250 8223
250 9837
251 7989
251 7123
251 5903
251 6441
251 9690
251 9395
251 5256
252 7501
252 8040
252 5948
252 5391
252 6548
252 8646
252 6475
253 9970
253 5417
253 6342
253 8341
253 6653
253 6999
253 7217
254 6769
254 9874
254 5745
254 6777
254 9406
254 8041
254 9857
255 5220
255 6263
255 6417
255 5798
255 6345
255 6159
255 8159
256 8988
256 7459
256 7200
256 7356
256 7766
256 8147
256 6532
257 8075
257 9978
257 7475
257 8753
257 7412
257 5859
257 7040
258 8402
258 7199
258 9760
258 8759
258 7666
258 5288
258 9676
259 6270
259 8038
259 7795
259 7260
259 7497
259 5567
259 8259
260 7153
260 5880
260 7126
260 8462
260 9179
260 7573
260 6597
261 7083
261 6279
261 8997
261 7036
261 7968
261 7962
261 7764
262 6095
262 7564
262 6434
262 5846
262 5232
262 6439
262 6127
263 5911
263 8722
263 6725
263 6034
263 5207
263 7604
263 6598
264 8255
264 6950
264 7481
264 6192
264 9626
264 6210
264 6908
265 9790
265 8974
265 7860
265 7848
265 8607
265 8536
265 7044
266 8279
266 8176
266 9619
266 9912
266 7159
266 6926
266 5484
267 5897
267 7377
267 9743
267 9952
267 9104
267 8582
267 6779
268 9825
268 6841
268 9787
268 5380
268 8631
268 6601
268 7598
269 8258
269 7554
269 8815
269 9901
269 5710
269 5651
269 5114
270 9847
270 8790
270 6924
270 10008
270 9442
270 7703
270 9582
271 9051
271 5123
271 9390
271 9075
271 6236
271 9191
271 9687
272 9645
272 6792
272 5168
272 9103
272 6563
272 5215
272 7638
273 6789
273 7950
273 7670
273 7614
273 7595
273 9642
273 5339
274 5584
274 6186
274 5996
274 6936
274 6252
274 7003
274 5907
275 6419
275 7163
275 7971
275 6545
275 8435
275 7402
275 7424
276 5837
276 7692
276 6962
276 7650
276 9231
276 8234
276 5316
277 5896
277 7296
277 7702
277 8430
277 7116
277 9288
277 8661
278 8248
278 9282
278 8924
278 8493
278 8218
278 8025
278 6534
279 7034
279 9398
279 5517
279 9030
279 8817
279 7110
279 8854
280 7924
280 9341
280 5199
280 7360
280 6048
280 9662
280 9085
281 7852
281 7808
281 7966
281 9367
281 5733
281 7600
281 9553
282 6227
282 6973
282 6939
282 6029
282 9379
282 5730
282 5218
283 8516
283 9420
283 9497
283 7752
283 7480
283 7334
283 8604
284 8160
284 7995
284 10020
284 9706
284 9602
284 5776
284 6068
285 7413
285 6866
285 7013
285 8910
285 7623
285 9697
285 7823
286 6911
286 5193
286 5080
286 6825
286 5389
286 6593
286 9703
287 6292
287 8862
287 7362
287 9990
287 9128
287 7157
287 7335
288 6013
288 7073
288 6452
288 9441
288 9722
288 7234
288 5095
289 8675
289 5131
289 5164
289 7361
289 7383
289 9532
289 6771
290 5875
290 7527
290 7322
290 9169
290 5503
290 6378
290 9019
291 7874
291 8864
291 7432
291 7180
291 6052
291 9173
291 7446
292 6552
292 6418
292 9576
292 6528
292 8397
292 5872
292 8572
293 8834
293 9506
293 5420
293 8429
293 7837
293 5563
293 9097
294 7996
294 9894
294 7297
294 9055
294 7230
294 8669
294 6189
295 7637
295 5881
295 5918
295 7923
295 7886
295 8488
295 8171
296 7032
296 6080
296 9192
296 6067
296 6262
296 5942
296 8019
297 6310
297 9500
297 5430
297 8072
297 8570
297 9162
297 8928
298 8915
298 8636
298 5174
298 8337
298 9749
298 8467
298 7433
299 9941
299 5810
299 5258
299 8275
299 9632
299 6856
299 7625
300 5997
300 6026
300 7138
300 9875
300 9261
300 9167
300 6983
301 8317
301 6020
301 5428
301 5580
301 9219
301 7156
301 8362
302 7447
302 7608
302 9539
302 5321
302 8681
302 8145
302 7114
303 9517
303 9666
303 6454
303 7961
303 8941
303 7398
303 6692
304 8963
304 8326
304 5852
304 5051
304 5360
304 9560
304 6055
305 8930
305 9866
305 7434
305 5714
305 5292
305 9129
305 9983
306 9006
306 9142
306 5506
306 7830
306 8062
306 5833
306 9018
307 9430
307 8011
307 5587
307 8212
307 5905
307 5074
307 5769
308 9529
308 5582
308 6117
308 7108
308 6770
308 6920
308 5796
309 5727
309 8321
309 5843
309 7952
309 6113
309 9605
309 9627
310 6751
310 5267
310 5760
310 5804
310 6241
310 7279
310 8334
311 8395
311 5370
311 5475
311 6002
311 5151
311 5713
311 5869
312 5329
312 9025
312 8269
312 5720
312 6424
312 9927
312 8518
313 7019
313 10031
313 8254
313 6273
313 5994
313 7151
313 5265
314 8286
314 5496
314 6328
314 5305
314 7387
314 7451
314 9622
315 8016
315 5423
315 5456
315 9856
315 5916
315 9224
315 6788
316 8617
316 9130
316 8802
316 6148
316 8741
316 6023
316 8389
317 7385
317 9221
317 6070
317 5581
317 9226
317 6250
317 7232
318 6277
318 7430
318 9911
318 5317
318 6665
318 7538
318 6258
319 8303
319 8418
319 7409
319 8905
319 7829
319 6872
319 6959
320 8399
320 5787
320 8902
320 7111
320 9043
320 5794
320 7507
321 6503
321 8148
321 9368
321 9170
321 8708
321 8727
321 5594
322 9094
322 7087
322 9805
322 9071
322 8383
322 6614
322 6086
323 6830
323 8157
323 9839
323 8217
323 6900
323 6119
323 5477
324 5532
324 6198
324 6773
324 5400
324 5828
324 7106
324 9495
325 7341
325 6111
325 6818
325 6969
325 8623
325 8284
325 7493
326 7353
326 9158
326 5098
326 7007
326 7244
326 6907
326 5861
327 8235
327 7238
327 9117
327 6986
327 6560
327 9016
327 7797
328 5186
328 8580
328 9581
328 5287
328 8360
328 8443
328 7813
329 7251
329 7054
329 7939
329 5048
329 5693
329 5626
329 9586
330 9624
330 9639
330 9331
330 7421
330 7788
330 5988
330 9719
331 7145
331 5802
331 9527
331 5779
331 8812
331 9134
331 8392
332 8690
332 8121
332 9343
332 6043
332 5055
332 9648
332 7067
333 9437
333 9100
333 7173
333 8743
333 9802
333 5309
333 5229
334 9366
334 8239
334 8323
334 7663
334 8645
334 9679
334 9594
335 5797
335 5283
335 6407
335 7272
335 5616
335 8992
335 8447
336 7442
336 7240
336 8260
336 8241
336 6619
336 7675
336 5089
337 5466
337 5344
337 10039
337 5086
337 5362
337 7194
337 6747
338 6400
338 5367
338 6438
338 9993
338 5284
338 7881
338 6103
339 8616
339 8726
339 5617
339 6443
339 8745
339 9660
339 6588
340 6730
340 6878
340 5289
340 9731
340 8642
340 6688
340 9475
341 5685
341 6073
341 8972
341 7779
341 6628
341 8292
341 9771
342 5500
342 8813
342 7142
342 9783
342 7026
342 6256
342 6056
343 6035
343 6708
343 7903
343 6643
343 5527
343 5890
343 6589
344 9107
344 6305
344 9424
344 6711
344 5338
344 7665
344 9126
345 5393
345 9110
345 5290
345 9922
345 7884
345 8896
345 9589
346 9133
346 9249
346 8818
346 6611
346 5526
346 7654
346 9547
347 5173
347 6646
347 5190
347 7824
347 7104
347 9956
347 9079
348 9036
348 6087
348 6175
348 8774
348 7066
348 6006
348 6163
349 8228
349 8887
349 8552
349 5422
349 5432
349 7535
349 8605
350 6204
350 6469
350 7695
350 5867
350 6871
350 6740
350 6014
351 7885
351 5385
351 8138
351 5822
351 6440
351 9977
351 9854
352 5940
352 6444
352 6082
352 5711
352 7393
352 6274
352 8003
353 8858
353 8663
353 9596
353 8585
353 6004
353 5225
353 9201
354 8747
354 8504
354 7547
354 7787
354 9994
354 9886
354 6944
355 7262
355 9168
355 5294
355 7219
355 6998
355 7010
355 6164
356 6366
356 5865
356 9518
356 5394
356 7038
356 8347
356 6393
357 8602
357 7461
357 6242
357 8517
357 7769
357 9474
357 7641
358 7467
358 6982
358 9511
358 5758
358 7953
358 6028
358 9194
359 9466
359 6758
359 5486
359 7476
359 9151
359 6486
359 6574
360 9695
360 8136
360 9786
360 5373
360 5538
360 9403
360 5904
361 6697
361 5479
361 6605
361 6312
361 6550
361 5062
361 8770
362 9049
362 8177
362 6978
362 6612
362 7368
362 6301
362 5929
363 9309
363 7984
363 7542
363 6928
363 7688
363 9038
363 6639
364 6421
364 8486
364 9906
364 6803
364 8499
364 5230
364 7055
365 7610
365 9739
365 10004
365 7997
365 9053
365 5462
365 9863
366 5960
366 6302
366 8232
366 7428
366 9678
366 9593
366 7648
367 9357
367 9742
367 9918
367 10073
367 6714
367 8777
367 6817
368 5514
368 7560
368 6077
368 5995
368 6919
368 6802
368 6772
369 5568
369 6556
369 8840
369 10005
369 8459
369 6237
369 5742
370 7330
370 7233
370 9335
370 9258
370 9011
370 8113
370 8756
371 6683
371 8929
371 6667
371 6267
371 9635
371 9982
371 5247
372 6720
372 6041
372 6022
372 8074
372 5043
372 8530
372 8012
373 8938
373 5595
373 6060
373 8848
373 6675
373 5189
373 7321
374 8852
374 5357
374 9868
374 6776
374 5611
374 5684
374 7001
375 5397
375 9683
375 9060
375 9296
375 5072
375 7223
375 8603
376 9105
376 8520
376 9572
376 7508
376 6463
376 5571
376 7746
377 6116
377 6215
377 9272
377 6193
377 6606
377 8975
377 8555
378 6332
378 5116
378 6318
378 6951
378 6460
378 9076
378 6993
379 5707
379 6356
379 5450
379 8796
379 5893
379 5518
379 7632
380 7175
380 8127
380 8496
380 8014
380 5910
380 6682
380 8243
381 5363
381 6873
381 7936
381 6145
381 6298
381 7576
381 9724
382 8363
382 6666
382 8758
382 5853
382 5063
382 8097
382 7579
383 6774
383 9293
383 5078
383 5648
383 5793
383 9480
383 7456
384 8240
384 8405
384 6455
384 5783
384 6131
384 7531
384 7833
385 6706
385 5368
385 5531
385 6099
385 5962
385 9682
385 5578
386 6630
386 7773
386 7025
386 6895
386 8449
386 8535
386 9145
387 9669
387 6472
387 8943
387 8694
387 9165
387 8942
387 7394
388 9530
388 7202
388 7806
388 6687
388 9889
388 6679
388 10030
389 6945
389 7826
389 8379
389 7375
389 5376
389 5984
389 8180
390 6466
390 5248
390 5057
390 7895
390 9188
390 6228
390 6265
391 6174
391 6968
391 8906
391 9607
391 6662
391 7221
391 7158
392 9316
392 8659
392 5436
392 8553
392 8485
392 6102
392 9756
393 7956
393 5144
393 8257
393 5834
393 8422
393 6093
393 10054
394 6742
394 5675
394 8246
394 9702
394 8561
394 9029
394 6461
395 7758
395 7976
395 6501
395 5065
395 5734
395 9066
395 6180
396 8143
396 7069
396 9112
396 7969
396 5396
396 9953
396 6746
397 8823
397 8589
397 9304
397 6027
397 9611
397 6314
397 5912
398 9555
398 8077
398 7364
398 5892
398 9334
398 10053
398 9405
399 7058
399 8800
399 5697
399 5138
399 7131
399 5307
399 5959
400 8771
400 10059
400 6376
400 9502
400 5395
400 6914
400 6801
401 5992
401 8454
401 6151
401 9399
401 7420
401 5150
401 5512
402 5209
402 5946
402 9563
402 6123
402 5947
402 5799
402 9654
403 7537
403 9551
403 8458
403 7305
403 8178
403 8366
403 7799
404 9643
404 5688
404 5891
404 7327
404 5203
404 9160
404 7544
405 8639
405 6925
405 8884
405 6392
405 5371
405 9842
405 6016
406 7933
406 7775
406 9538
406 7543
406 9286
406 7915
406 7846
407 9546
407 6523
407 8186
407 9268
407 8761
407 8125
407 8508
408 7700
408 7147
408 5088
408 9833
408 9681
408 6591
408 9599
409 6853
409 7059
409 8575
409 9701
409 8764
409 7411
409 9777
410 7897
410 5690
410 8000
410 7526
410 9992
410 6701
410 6370
411 7734
411 8981
411 7796
411 8387
411 6171
411 8073
411 9320
412 8251
412 6915
412 6573
412 6741
412 9636
412 6344
412 9869
413 5723
413 8507
413 9185
413 6291
413 7965
413 9291
413 8821
414 5831
414 10019
414 5200
414 7586
414 5372
414 8224
414 9407
415 7689
415 6652
415 9281
415 8799
415 9289
415 8875
415 8651
416 8156
416 6780
416 6657
416 6775
416 5966
416 9438
416 7263
417 7817
417 5437
417 7207
417 9265
417 6368
417 5409
417 5489
418 5340
418 9684
418 8101
418 6513
418 5811
418 7062
418 6108
419 5275
419 9118
419 8158
419 5416
419 9552
419 9692
419 7225
420 9584
420 9883
420 7490
420 8189
420 7585
420 5240
420 7372
421 9026
421 7749
421 9621
421 7486
421 7710
421 5478
421 9277
422 9255
422 5597
422 5085
422 7781
422 7681
422 7146
422 8662
423 8204
423 5469
423 6843
423 6234
423 7144
423 6100
423 6235
424 8643
424 5524
424 6165
424 9259
424 7455
424 8088
424 8050
425 5801
425 7395
425 5671
425 7664
425 5660
425 7275
425 9734
426 5599
426 10018
426 8937
426 8375
426 9554
426 5589
426 9814
427 6365
427 9550
427 5157
427 8312
427 7778
427 5535
427 6229
428 8626
428 5468
428 7317
428 6105
428 5826
428 6721
428 6081
429 6975
429 5441
429 7790
429 7631
429 9040
429 7994
429 9065
430 9958
430 9318
430 5941
430 7076
430 6085
430 5673
430 5504
431 6306
431 6592
431 8013
431 7934
431 8262
431 9137
431 6615
432 9836
432 8976
432 7342
432 5515
432 9656
432 8198
432 7186
433 9951
433 10055
433 7091
433 6107
433 9579
433 7102
433 6173
434 7828
434 6046
434 5674
434 7469
434 8349
434 5425
434 7964
435 6200
435 6729
435 5255
435 7033
435 6537
435 9260
435 7450
436 9610
436 6220
436 9147
436 7887
436 5672
436 6465
436 6134
437 7365
437 6753
437 9388
437 7707
437 7378
437 5838
437 9505
438 9895
438 9924
438 5369
438 8327
438 8993
438 9655
438 8630
439 7397
439 7484
439 5352
439 6112
439 8460
439 8653
439 8393
440 9489
440 5472
440 5167
440 8288
440 9353
440 8601
440 7929
441 5687
441 7686
441 8219
441 9944
441 9910
441 9665
441 7250
442 6677
442 6756
442 9800
442 8265
442 6855
442 9938
442 6426
443 9945
443 5739
443 7504
443 8064
443 6177
443 6009
443 9428
444 8175
444 6288
444 5249
444 6182
444 7132
444 9849
444 5091
445 5226
445 5272
445 7875
445 7152
445 7930
445 6063
445 5092
446 7429
446 8927
446 8766
446 7079
446 5873
446 9954
446 9449
447 5178
447 7503
447 9729
447 7726
447 9206
447 6271
447 7204
448 5064
448 6535
448 9973
448 9853
448 9383
448 8627
448 5543
449 8116
449 9037
449 10035
449 5647
449 8421
449 8182
449 7016
450 6282
450 6409
450 5120
450 9759
450 8784
450 7288
450 6129
451 8140
451 8870
451 8253
451 9829
451 8078
451 6814
451 8714
452 5820
452 5202
452 8683
452 6106
452 6793
452 8130
452 6877
453 8446
453 5850
453 7449
453 6024
453 8481
453 7496
453 5383
454 7286
454 9525
454 6247
454 6897
454 10036
454 7724
454 5572
455 5604
455 7491
455 5094
455 6660
455 7941
455 8861
455 8977
456 10049
456 9932
456 9670
456 9323
456 9544
456 5622
456 7677
457 9121
457 8037
457 8026
457 8703
457 9131
457 9663
457 6299
458 9045
458 5337
458 6958
458 6940
458 6415
458 6882
458 7095
459 9135
459 9295
459 9372
459 7577
459 7729
459 5341
459 9252
460 10025
460 9218
460 9533
460 5303
460 5909
460 9177
460 6385
461 9647
461 8049
461 9755
461 8700
461 8783
461 8350
461 7642
462 8105
462 8209
462 10080
462 9531
462 9292
462 9269
462 6752
463 6170
463 5747
463 10052
463 5731
463 8733
463 6691
463 8206
464 7523
464 9931
464 7974
464 8364
464 6887
464 5404
464 9294
465 6648
465 7006
465 7551
465 5413
465 8032
465 5291
465 8827
466 9063
466 6155
466 8674
466 8767
466 9515
466 7671
466 8965
467 7596
467 9700
467 5634
467 7960
467 5336
467 5983
467 7357
468 5348
468 8428
468 8923
468 5858
468 6616
468 7089
468 7657
469 8270
469 5239
469 6115
469 8193
469 8989
469 6840
469 8437
470 9570
470 7807
470 8045
470 7348
470 8859
470 9004
470 7981
471 8298
471 5629
471 9826
471 7750
471 7050
471 5211
471 6507
472 5949
472 5555
472 5471
472 7615
472 5664
472 7367
472 6478
473 5770
473 7816
473 6698
473 6707
473 6132
473 6109
473 7061
474 6575
474 8439
474 7117
474 8641
474 9264
474 9302
474 5221
475 6311
475 6655
475 6324
475 6640
475 5753
475 10024
475 8211
476 6549
476 9306
476 8658
476 8133
476 5268
476 7868
476 5274
477 8772
477 7277
477 8737
477 8355
477 6658
477 6422
477 9198
478 9710
478 7646
478 6833
478 9275
478 5623
478 8332
478 6031
479 8090
479 6883
479 5135
479 7570
479 5817
479 7049
479 5421
480 5732
480 6971
480 6530
480 5646
480 5374
480 8971
480 8804
481 9244
481 8843
481 5608
481 9163
481 9892
481 9773
481 6689
482 5724
482 6812
482 10046
482 9713
482 7046
482 7973
482 7842
483 8709
483 5516
483 7541
483 7918
483 9859
483 8264
483 5071
484 7880
484 7498
484 6795
484 7717
484 7811
484 8289
484 8151
485 5771
485 7901
485 8909
485 5847
485 8519
485 7141
485 8979
486 6722
486 7510
486 9905
486 8377
486 6202
486 5871
486 6888
487 7063
487 8185
487 9301
487 7463
487 5070
487 5679
487 6980
488 5152
488 6336
488 9571
488 8479
488 7592
488 5655
488 5322
489 8132
489 6362
489 7583
489 8294
489 8489
489 10045
489 9381
490 7760
490 8229
490 5662
490 5842
490 9592
490 8311
490 5773
491 7998
491 5889
491 5749
491 5262
491 5520
491 8444
491 5725
492 9725
492 6369
492 5844
492 6122
492 6339
492 5633
492 9852
493 6917
493 6995
493 9504
493 9711
493 9285
493 8898
493 7290
494 7804
494 8983
494 6462
494 9373
494 6916
494 9677
494 7242
495 8920
495 8120
495 6893
495 9569
495 10063
495 8190
495 9688
496 5621
496 9315
496 9948
496 8684
496 5712
496 9764
496 8873
497 9745
497 7415
497 8438
497 6744
497 9080
497 5467
497 7216
498 7836
498 6190
498 6863
498 8629
498 9872
498 6453
498 9418
499 7765
499 8373
499 5130
499 7978
499 5117
499 5845
499 6442
500 6447
500 5328
500 9888
500 9396
500 7160
500 8541
500 5550
501 5757
501 9947
501 8091
501 8890
501 8367
501 7871
501 8954
502 9980
502 6583
502 5786
502 5492
502 7374
502 7269
502 8237
503 9685
503 7261
503 10077
503 8034
503 7479
503 7053
503 7460
504 6158
504 5620
504 10028
504 6571
504 9567
504 8599
504 9861
505 7068
505 8666
505 8624
505 9472
505 6488
505 8423
505 5473
506 8618
506 9935
506 7869
506 9459
506 5346
506 7597
506 7080
507 6745
507 7094
507 7318
507 8301
507 7772
507 6467
507 8146
508 7589
508 5803
508 6471
508 6126
508 8445
508 6899
508 9078
509 9050
509 9148
509 7312
509 7603
509 5559
509 8932
509 5270
510 5681
510 10001
510 7546
510 5740
510 8742
510 8542
510 8832
511 6599
511 8457
511 7078
511 8805
511 7883
511 6638
511 6397
512 7970
512 8844
512 8216
512 7905
512 10011
512 6731
512 6088
513 9801
513 8183
513 8893
513 7139
513 5311
513 5692
513 9988
514 7215
514 7590
514 5976
514 10068
514 5954
514 6904
514 7015
515 7336
515 6483
515 8107
515 7683
515 5999
515 7529
515 7245
516 9975
516 8723
516 6702
516 9319
516 9101
516 9753
516 5442
517 9146
517 5171
517 8463
517 9387
517 10006
517 5128
517 9027
518 5461
518 7100
518 6137
518 9378
518 8945
518 6143
518 6680
519 7716
519 5364
519 10076
519 7559
519 7855
519 9164
519 9673
520 9907
520 8591
520 6216
520 6135
520 5127
520 6437
520 6910
521 5569
521 6826
521 5906
521 9204
521 7075
521 8296
521 8042
522 6470
522 6894
522 8338
522 6205
522 8319
522 9521
522 8803
523 7045
523 8081
523 5979
523 9254
523 6705
523 5860
523 8934
524 9757
524 8685
524 7161
524 9882
524 6538
524 8526
524 6156
525 7673
525 8226
525 8752
525 6015
525 6886
525 5958
525 6396
526 9769
526 10021
526 8095
526 8482
526 6498
526 5087
526 7861
527 9392
527 8696
527 8824
527 9175
527 6431
527 7231
527 8325
528 7351
528 5848
528 6266
528 9468
528 7323
528 7065
528 5821
529 5726
529 6308
529 9214
529 6083
529 7487
529 9877
529 8161
530 9535
530 8058
530 6709
530 7679
530 8456
530 8695
530 8448
531 5927
531 9885
531 7549
531 9205
531 9822
531 8522
531 6373
532 6901
532 7500
532 5375
532 9184
532 9153
532 9840
532 8084
533 9408
533 7605
533 10037
533 8885
533 9209
533 7293
533 5885
534 7926
534 9578
534 8584
534 9138
534 5253
534 5974
534 5791
535 6499
535 7265
535 6230
535 8973
535 6054
535 7757
535 8403
536 7274
536 5762
536 5263
536 5497
536 6544
536 8724
536 8677
537 9220
537 8238
537 7556
537 6315
537 7609
537 6358
537 8686
538 8939
538 8386
538 9290
538 9806
538 9074
538 5427
538 6526
539 8336
539 9308
539 7652
539 8889
539 9775
539 6133
539 5163
540 9196
540 5588
540 9096
540 8610
540 6351
540 7840
540 8739
541 5961
541 5574
541 6540
541 7899
541 7515
541 9838
541 5403
542 6398
542 8424
542 6965
542 7721
542 5153
542 5561
542 7802
543 7313
543 9354
543 7768
543 9352
543 5236
543 9809
543 5501
544 8841
544 6468
544 9668
544 8348
544 5557
544 5101
544 9098
545 9490
545 9776
545 8842
545 7464
545 5788
545 6412
545 6040
546 8310
546 6323
546 5244
546 9250
546 8822
546 6187
546 5136
547 9929
547 9463
547 6637
547 5977
547 7891
547 8523
547 6618
548 5483
548 6595
548 7004
548 9937
548 6522
548 9712
548 8047
549 8089
549 8778
549 9239
549 5744
549 9017
549 5320
549 8039
550 8959
550 8007
550 7209
550 8886
550 8578
550 7258
550 7693
551 9736
551 10042
551 8846
551 8476
551 9591
551 5815
551 5411
552 8926
552 6564
552 8478
552 5488
552 7946
552 9166
552 6152
553 9850
553 5485
553 8545
553 8586
553 8633
553 5323
553 7188
554 6918
554 7975
554 9356
554 6000
554 8577
554 7763
554 7494
555 6656
555 8201
555 6890
555 8280
555 7511
555 5197
555 6349
556 8455
556 7948
556 7862
556 7566
556 7800
556 7285
556 6309
557 8579
557 7386
557 7982
557 8152
557 6500
557 7115
557 5936
558 9737
558 6923
558 5658
558 7120
558 6846
558 10067
558 9022
559 8749
559 9330
559 6178
559 9243
559 9013
559 9207
559 9054
560 7528
560 5297
560 6340
560 6786
560 7206
560 8431
560 8315
561 6427
561 5857
561 8271
561 5938
561 9444
561 9120
561 5990
562 7492
562 7580
562 8056
562 5975
562 6620
562 9346
562 7705
563 5991
563 9741
563 8851
563 8010
563 9009
563 5548
563 9653
564 7453
564 6719
564 5511
564 5635
564 5920
564 9448
564 7422
565 7423
565 8187
565 8888
565 8368
565 9730
565 6797
565 9923
566 6963
566 8115
566 9549
566 7448
566 8911
566 7594
566 8715
567 6225
567 9115
567 6335
567 7229
567 5553
567 9832
567 6459
568 6580
568 7913
568 9658
568 9646
568 6003
568 10047
568 5577
569 8994
569 9081
569 7171
569 7977
569 6768
569 9942
569 5264
570 7185
570 9263
570 6497
570 7662
570 9332
570 5805
570 7935
571 6285
571 9375
571 7197
571 5993
571 8318
571 8644
571 6750
572 9557
572 5134
572 5277
572 7252
572 5054
572 10033
572 5365
573 7406
573 9968
573 10007
573 7983
573 6633
573 6001
573 8970
574 8200
574 8015
574 8710
574 7098
574 7844
574 5075
574 8962
575 7324
575 7021
575 6479
575 7711
575 7888
575 6064
575 6473
576 5463
576 6260
576 8277
576 7513
576 7914
576 7164
576 5315
577 8261
577 8786
577 5546
577 9233
577 7864
577 7645
577 5534
578 10065
578 6587
578 6632
578 5950
578 9072
578 6030
578 6208
579 5457
579 7521
579 5763
579 5870
579 9456
579 7582
579 7248
580 6533
580 7553
580 7653
580 7303
580 9217
580 9014
580 6870
581 5333
581 8092
581 8863
581 7243
581 7042
581 6194
581 8202
582 5914
582 8876
582 6239
582 7399
582 6195
582 6139
582 7512
583 8316
583 5528
583 7900
583 7284
583 7047
583 6828
583 5700
584 5213
584 5610
584 6862
584 9798
584 7017
584 5434
584 6596
585 7944
585 7125
585 7792
585 9499
585 9215
585 5481
585 5519
586 5295
586 6092
586 6669
586 8792
586 8731
586 9116
586 7314
587 6876
587 6264
587 6757
587 9093
587 8836
587 9891
587 8414
588 9000
588 9476
588 9213
588 9369
588 8381
588 5415
588 9921
589 5741
589 9707
589 5570
589 6519
589 5379
589 6933
589 7468
590 8358
590 8999
590 7198
590 7247
590 10038
590 7680
590 6594
591 7629
591 6891
591 5953
591 6852
591 8110
591 5251
591 8139
592 9509
592 9416
592 6807
592 9477
592 6659
592 5641
592 8230
593 8345
593 7857
593 9659
593 6118
593 6603
593 5964
593 9629
594 10002
594 8070
594 8468
594 8612
594 5261
594 8546
594 9598
595 6966
595 9997
595 5549
595 7993
595 9041
595 7812
595 8380
596 6967
596 9774
596 9717
596 7425
596 8060
596 7733
596 9930
597 5585
597 6232
597 8330
597 6012
597 5408
597 5351
597 8657
598 8698
598 7851
598 8406
598 9987
598 8528
598 7674
598 8061
599 7856
599 9473
599 5306
599 5281
599 6794
599 5670
599 8559
600 5410
600 5119
600 9451
600 6681
600 6401
600 5172
600 7203
601 8057
601 7181
601 6521
601 7092
601 5160
601 6672
601 8353
602 8069
602 9526
602 7959
602 10078
602 8967
602 8417
602 9827
603 5198
603 5558
603 5250
603 7097
603 8436
603 9616
603 6476
604 7518
604 5318
604 8540
604 7593
604 5680
604 5353
604 9763
605 6405
605 8688
605 7309
605 9909
605 9300
605 5125
605 6896
606 9928
606 7499
606 7951
606 7437
606 9409
606 5930
606 6146
607 7124
607 8554
607 6602
607 7947
607 6851
607 6051
607 7639
608 7794
608 5424
608 9287
608 6790
608 7736
608 8102
608 8768
609 7618
609 9336
609 7676
609 5109
609 5426
609 8290
609 5355
610 8692
610 5106
610 6414
610 7867
610 10015
610 9959
610 8314
611 9193
611 7991
611 5899
611 6699
611 9434
611 7972
611 8052
612 9348
612 9966
612 5596
612 7470
612 8002
612 9967
612 6297
613 9140
613 7568
613 5922
613 9425
613 8490
613 6778
613 9159
614 7190
614 6527
614 6124
614 9087
614 5607
614 9182
614 9748
615 8746
615 7178
615 7667
615 9253
615 5060
615 9537
615 5923
616 6330
616 6964
616 7037
616 6629
616 10057
616 8931
616 7346
617 8361
617 6987
617 5361
617 7426
617 6932
617 9604
617 8707
618 9058
618 6937
618 9297
618 7892
618 6836
618 9044
618 7612
619 8122
619 9230
619 5615
619 7931
619 6480
619 6847
619 6673
620 5722
620 9002
620 9020
620 6946
620 8806
620 9767
620 5319
621 5243
621 9225
621 7235
621 6343
621 7699
621 10012
621 8744
622 8811
622 8664
622 7714
622 6572
622 6784
622 7329
622 5816
623 7866
623 9789
623 9976
623 5399
623 6259
623 8837
623 7694
624 7834
624 6278
624 7626
624 8879
624 5835
624 5678
624 7271
625 9047
625 5782
625 8900
625 9649
625 6183
625 9781
625 7294
626 6858
626 5494
626 8883
626 9727
626 6796
626 8033
626 6898
627 7070
627 8562
627 5836
627 6670
627 8451
627 9587
627 6644
628 6069
628 5237
628 7578
628 9625
628 6956
628 7382
628 6755
629 6621
629 9171
629 9867
629 6231
629 5460
629 7466
629 6484
630 9844
630 7843
630 6074
630 6255
630 9008
630 6408
630 8172
631 8814
631 5789
631 6490
631 7938
631 8051
631 6860
631 9458
632 8794
632 6375
632 8539
632 6997
632 6844
632 9972
632 9431
633 8600
633 5542
633 9228
633 5257
633 6586
633 5464
633 8502
634 9674
634 5079
634 9240
634 8401
634 7672
634 6624
634 9657
635 8917
635 7506
635 9876
635 7246
635 8613
635 5184
635 7150
636 8196
636 5780
636 7043
636 7112
636 5350
636 7414
636 9247
637 6760
637 5137
637 9237
637 9208
637 6988
637 8809
637 9913
638 8704
638 6735
638 9099
638 8195
638 5103
638 5824
638 9848
639 6865
639 9270
639 9573
639 9322
639 5093
639 8413
639 7872
640 8035
640 5115
640 9991
640 6849
640 8390
640 8867
640 9023
641 9940
641 5980
641 9751
641 7488
641 6943
641 6510
641 8808
642 7081
642 8670
642 9436
642 7226
642 5482
642 9752
642 6947
643 7149
643 9820
643 9486
643 8549
643 6972
643 5606
643 5066
644 5898
644 9792
644 6295
644 5111
644 9623
644 8705
644 6110
645 9908
645 8588
645 9382
645 10041
645 10048
645 6432
645 8106
646 8083
646 6565
646 7575
646 10013
646 6448
646 6207
646 6253
647 8299
647 6512
647 9995
647 8935
647 9180
647 5208
647 8655
648 6050
648 9496
648 8103
648 9327
648 5097
648 7379
648 9033
649 9590
649 7280
649 6197
649 9057
649 7859
649 8085
649 9273
650 9738
650 5056
650 6668
650 8563
650 7283
650 9412
650 5913
651 8951
651 9494
651 9974
651 7041
651 9199
651 6832
651 9794
652 7839
652 9267
652 9417
652 8801
652 8566
652 5139
652 6727
653 9234
653 6941
653 6316
653 7170
653 8096
653 9321
653 9735
654 6223
654 9238
654 5721
654 6577
654 7954
654 7622
654 9902
655 9445
655 8273
655 6038
655 5334
655 5618
655 8483
655 5378
656 7009
656 7876
656 5387
656 6684
656 8515
656 7701
656 7320
657 7602
657 9470
657 8869
657 5219
657 7264
657 8053
657 5545
658 7845
658 7056
658 6172
658 9770
658 6809
658 9788
658 7270
659 9046
659 8282
659 6076
659 8149
659 9176
659 7012
659 7048
660 5108
660 5181
660 9791
660 5985
660 6903
660 5645
660 9102
661 8720
661 6922
661 6245
661 5661
661 6949
661 7745
661 9845
662 8080
662 5862
662 7344
662 9183
662 7581
662 7405
662 10026
663 8895
663 6233
663 7182
663 10000
663 8901
663 7431
663 8671
664 5854
664 5433
664 5133
664 5925
664 7832
664 7237
664 7712
665 5778
665 8023
665 9747
665 8527
665 6834
665 8031
665 7192
666 8285
666 5166
666 5887
666 8432
666 7731
666 5142
666 5187
667 5564
667 7347
667 6569
667 5176
667 5602
667 7647
667 5539
668 6992
668 7331
668 5972
668 9015
668 5928
668 5141
668 5448
669 9754
669 9620
669 8996
669 6217
669 7718
669 6976
669 8426
670 9242
670 6650
670 5214
670 5224
670 5702
670 6994
670 5624
671 9686
671 7064
671 5956
671 9950
671 6743
671 8754
671 8184
672 7932
672 6276
672 8434
672 6859
672 6389
672 9644
672 6079
673 6492
673 9782
673 6377
673 8135
673 9797
673 5536
673 10072
674 8305
674 9090
674 9514
674 7793
674 9216
674 9510
674 6036
675 5669
675 9089
675 9778
675 7462
675 5614
675 5951
675 8287
676 7530
676 7545
676 8461
676 7030
676 7400
676 5987
676 5666
677 7534
677 8441
677 7659
677 7821
677 8730
677 7879
677 8109
678 9246
678 8829
678 5902
678 7193
678 6902
678 8581
678 5406
679 5059
679 7668
679 7698
679 8244
679 6554
679 6805
679 6244
680 9523
680 6104
680 9762
680 5879
680 9440
680 7630
680 9469
681 9893
681 5278
681 5832
681 6955
681 5969
681 7370
681 9423
682 5642
682 5676
682 9021
682 5703
682 7298
682 8656
682 10034
683 7354
683 5586
683 5525
683 6728
683 7222
683 9370
683 8005
684 8213
684 5590
684 6634
684 7127
684 9402
684 10017
684 5774
685 6617
685 5970
685 9524
685 7137
685 7495
685 7988
685 6383
686 6072
686 9628
686 6749
686 5808
686 8352
686 8297
686 5989
687 8188
687 8018
687 7587
687 6166
687 7873
687 9733
687 7819
688 8897
688 8278
688 9846
688 6248
688 6372
688 9595
688 9083
689 7571
689 8594
689 9007
689 8477
689 6075
689 7339
689 8845
690 9819
690 5795
690 7898
690 9031
690 5790
690 6953
690 6162
691 9123
691 9210
691 8776
691 9758
691 9491
691 7396
691 9391
692 5650
692 6416
692 7520
692 9588
692 6350
692 9860
692 7133
693 7452
693 6892
693 5691
693 9411
693 7179
693 8986
693 9750
694 6357
694 6661
694 7084
694 8847
694 7744
694 8987
694 7276
695 5931
695 5945
695 9574
695 5447
695 5102
695 6179
695 9039
696 6379
696 7440
696 8547
696 7770
696 9384
696 8952
696 6879
697 6848
697 8308
697 5541
697 5736
697 6010
697 8236
697 5560
698 5388
698 9548
698 8757
698 9351
698 6996
698 8880
698 6567
699 5156
699 5143
699 5784
699 7299
699 6084
699 8789
699 5695
700 9203
700 6449
700 6712
700 6970
700 8129
700 8503
700 9397
701 9052
701 6739
701 7912
701 8220
701 9174
701 9092
701 8374
702 7627
702 6623
702 7005
702 6294
702 9740
702 5630
702 7376
703 8357
703 7384
703 8119
703 5632
703 5327
703 9483
703 7105
704 9565
704 9520
704 8760
704 9070
704 8024
704 6799
704 6845
705 9443
705 5806
705 9608
705 6509
705 9271
705 5050
705 5537
706 9641
706 6837
706 7224
706 9650
706 9558
706 9005
706 7756
707 7166
707 8838
707 5982
707 5637
707 6957
707 9450
707 5343
708 7205
708 6128
708 9816
708 9064
708 8667
708 6243
708 7742
709 6045
709 9575
709 8949
709 10074
709 7228
709 9501
709 5418
710 9028
710 7548
710 9986
710 6514
710 6065
710 7801
710 6428
711 8966
711 8513
711 6921
711 9543
711 5952
711 5121
711 8850
712 9821
712 6763
712 5728
712 6905
712 6410
712 9603
712 9512
713 5677
713 6700
713 8142
713 9597
713 8059
713 8640
713 8359
714 7908
714 6600
714 7656
714 6579
714 9564
714 5746
714 7169
715 7789
715 5049
715 6363
715 8721
715 7917
715 7784
715 7022
716 7208
716 9299
716 6839
716 7774
716 9222
716 5752
716 6989
717 6094
717 7658
717 6008
717 7255
717 7928
717 7896
717 7628
718 6091
718 5458
718 9212
718 6011
718 6761
718 9998
718 9189
719 7706
719 5829
719 10062
719 6562
719 7690
719 9401
719 8894
720 5412
720 8606
720 7380
720 7809
720 5455
720 9961
720 8452
