0 1
216 135
15 24
1 2659
1 987
1 2622
1 1698
1 791
1 190
1 176
1 756
1 2996
1 2076
1 3227
1 1083
1 88
1 2159
1 1694
2 3203
2 714
2 2900
2 1040
2 211
2 629
2 229
2 727
2 1160
2 1458
2 2199
2 1308
2 2497
2 895
2 809
3 2455
3 323
3 2275
3 421
3 1700
3 1128
3 276
3 1987
3 2413
3 1794
3 399
3 494
3 957
3 3007
3 447
4 1361
4 1442
4 2253
4 1341
4 2931
4 207
4 336
4 1097
4 617
4 2846
4 969
4 1519
4 1056
4 2464
4 2078
5 253
5 337
5 1600
5 2172
5 115
5 2713
5 2355
5 917
5 354
5 526
5 1373
5 1884
5 2004
5 790
5 1984
6 1252
6 1067
6 363
6 247
6 669
6 209
6 2968
6 1771
6 2201
6 2451
6 1583
6 1557
6 461
6 2785
6 2364
7 2503
7 833
7 687
7 2955
7 1467
7 2314
7 368
7 2415
7 1929
7 2049
7 365
7 2417
7 1915
7 2897
7 1020
8 2726
8 2875
8 450
8 384
8 2156
8 3054
8 1023
8 403
8 2636
8 2274
8 3225
8 1689
8 1181
8 1184
8 2332
9 1502
9 256
9 90
9 1425
9 2224
9 1121
9 1259
9 1993
9 186
9 3091
9 495
9 2299
9 2208
9 1398
9 525
10 702
10 876
10 1803
10 2792
10 2264
10 146
10 1898
10 2981
10 1612
10 435
10 2714
10 1531
10 1837
10 2223
10 999
11 3185
11 2553
11 237
11 2125
11 124
11 515
11 2028
11 1786
11 1352
11 1168
11 1209
11 112
11 334
11 2096
11 2353
12 2367
12 695
12 2881
12 1900
12 1406
12 1136
12 2322
12 2196
12 2869
12 66
12 1405
12 2242
12 2868
12 1111
12 1208
13 1401
13 2716
13 2645
13 2631
13 110
13 1539
13 2537
13 2905
13 2484
13 2530
13 2577
13 3023
13 1331
13 318
13 1826
14 2909
14 1554
14 580
14 740
14 534
14 1496
14 899
14 408
14 1936
14 3040
14 40
14 891
14 1044
14 2688
14 266
15 2993
15 2304
15 2136
15 2233
15 2596
15 574
15 762
15 3043
15 1880
15 1695
15 1846
15 2025
15 1553
15 221
15 1757
16 2986
16 1860
16 2976
16 3049
16 76
16 3188
16 3232
16 1174
16 826
16 3050
16 2945
16 3168
16 2541
16 172
16 1205
17 846
17 723
17 537
17 2638
17 770
17 792
17 1985
17 69
17 3133
17 624
17 755
17 2699
17 376
17 1631
17 2858
18 2818
18 1224
18 1005
18 585
18 2863
18 2071
18 1487
18 1265
18 3100
18 912
18 428
18 268
18 1481
18 2782
18 939
19 1468
19 739
19 31
19 1607
19 1570
19 1368
19 2760
19 128
19 966
19 3016
19 2219
19 1959
19 1064
19 144
19 3083
20 3107
20 3046
20 2276
20 882
20 476
20 971
20 393
20 3137
20 1748
20 152
20 1782
20 2546
20 431
20 1328
20 455
21 3196
21 2336
21 3033
21 1542
21 1699
21 2155
21 1741
21 3157
21 1975
21 1999
21 828
21 2783
21 1731
21 2073
21 654
22 2098
22 842
22 1538
22 426
22 2330
22 2662
22 1000
22 2210
22 2309
22 2467
22 2593
22 499
22 1176
22 1863
22 1714
23 603
23 1806
23 3019
23 1363
23 569
23 2775
23 369
23 2812
23 1379
23 708
23 248
23 1290
23 1302
23 93
23 1649
24 1318
24 1536
24 2080
24 1149
24 2554
24 819
24 2876
24 295
24 745
24 943
24 1193
24 2023
24 678
24 1245
24 1026
25 1719
25 2748
25 2680
25 439
25 2252
25 2980
25 1395
25 780
25 1257
25 171
25 2024
25 2814
25 2815
25 1039
25 3032
26 2929
26 539
26 2072
26 1683
26 643
26 3191
26 2271
26 1339
26 2179
26 1737
26 1065
26 614
26 2327
26 2762
26 2800
27 2651
27 736
27 2489
27 1708
27 1387
27 2837
27 1575
27 377
27 272
27 1079
27 2328
27 2149
27 929
27 2310
27 1014
28 2007
28 2810
28 1535
28 2171
28 73
28 1709
28 1885
28 1982
28 3099
28 768
28 746
28 2178
28 1101
28 1032
28 1501
29 2321
29 2492
29 1058
29 1234
29 1850
29 1680
29 2095
29 1142
29 2423
29 2933
29 1423
29 905
29 1558
29 1403
29 1017
30 2290
30 2089
30 2695
30 1522
30 1858
30 562
30 3156
30 1732
30 1326
30 467
30 2357
30 65
30 485
30 1604
30 1448
31 414
31 155
31 1809
31 909
31 496
31 2293
31 2240
31 3111
31 2966
31 923
31 1348
31 1992
31 3131
31 1171
31 950
32 3177
32 2414
32 298
32 2562
32 3160
32 955
32 2764
32 1087
32 214
32 49
32 424
32 1754
32 1175
32 2856
32 1744
33 71
33 2809
33 2598
33 1126
33 1042
33 2753
33 1021
33 390
33 1810
33 1103
33 2942
33 2807
33 42
33 3034
33 769
34 1697
34 1919
34 2811
34 2551
34 3068
34 1764
34 2162
34 947
34 832
34 1681
34 1805
34 1113
34 2721
34 2767
34 1319
35 1881
35 2019
35 2780
35 308
35 1061
35 3219
35 1059
35 715
35 2443
35 2453
35 1713
35 1385
35 396
35 1459
35 2568
36 2572
36 2673
36 1148
36 2077
36 2471
36 2539
36 675
36 351
36 54
36 2648
36 2013
36 1831
36 3064
36 452
36 2214
37 1726
37 2483
37 2498
37 1436
37 3048
37 2557
37 2369
37 2569
37 2784
37 2795
37 1090
37 3142
37 927
37 2250
37 878
38 2154
38 1325
38 2706
38 3025
38 1378
38 3229
38 1990
38 1445
38 3103
38 392
38 2218
38 157
38 159
38 2853
38 664
39 1577
39 1785
39 2313
39 2043
39 519
39 2222
39 1549
39 2356
39 522
39 804
39 2390
39 1223
39 349
39 1629
39 2068
40 230
40 216
40 3186
40 916
40 601
40 2672
40 2400
40 3020
40 2988
40 39
40 2925
40 1979
40 1260
40 203
40 1241
41 260
41 1275
41 726
41 685
41 3136
41 2624
41 121
41 848
41 1983
41 1152
41 986
41 141
41 1329
41 1563
41 286
42 2916
42 2769
42 43
42 1883
42 383
42 1207
42 2549
42 647
42 1615
42 638
42 2251
42 551
42 1484
42 1298
42 1485
43 2191
43 102
43 1243
43 1945
43 3128
43 2432
43 646
43 2446
43 806
43 1934
43 296
43 2326
43 1640
43 2161
43 2428
44 1462
44 2828
44 2939
44 2860
44 133
44 2821
44 2092
44 789
44 1543
44 1025
44 401
44 3051
44 1960
44 573
44 2653
45 358
45 1180
45 558
45 2628
45 442
45 1921
45 686
45 201
45 887
45 757
45 348
45 5
45 829
45 1562
45 2287
46 1685
46 2963
46 2320
46 302
46 1656
46 1811
46 2141
46 2872
46 2586
46 3223
46 457
46 797
46 1616
46 2803
46 1124
47 2730
47 1411
47 59
47 1517
47 1393
47 12
47 27
47 2441
47 752
47 2857
47 289
47 2912
47 1249
47 175
47 2021
48 2621
48 2521
48 2104
48 2383
48 3146
48 694
48 1109
48 416
48 1078
48 639
48 1206
48 74
48 1734
48 2088
48 851
49 2641
49 1288
49 837
49 251
49 3056
49 1441
49 1104
49 1177
49 1781
49 2500
49 20
49 958
49 2391
49 2166
49 287
50 500
50 180
50 523
50 2720
50 710
50 1190
50 162
50 497
50 380
50 2354
50 1791
50 2517
50 2763
50 1890
50 58
51 1493
51 151
51 114
51 1560
51 3143
51 1473
51 865
51 2629
51 1973
51 2947
51 1672
51 1823
51 3181
51 820
51 3021
52 231
52 1723
52 1817
52 1210
52 200
52 918
52 3039
52 944
52 492
52 1716
52 1475
52 1768
52 1365
52 1729
52 2463
53 1627
53 2605
53 1235
53 445
53 2646
53 2952
53 2228
53 565
53 1906
53 2826
53 1317
53 57
53 2602
53 2878
53 1799
54 2145
54 2891
54 3192
54 3005
54 649
54 3105
54 116
54 2132
54 712
54 2029
54 1047
54 2292
54 2452
54 1630
54 840
55 419
55 2709
55 1947
55 2618
55 1614
55 2882
55 2717
55 1746
55 915
55 637
55 980
55 1642
55 246
55 1633
55 2206
56 1483
56 2302
56 1720
56 2301
56 720
56 1725
56 2574
56 1279
56 1551
56 547
56 1505
56 2992
56 1637
56 3088
56 2439
57 1135
57 932
57 432
57 1304
57 1712
57 2725
57 838
57 1324
57 14
57 901
57 95
57 2733
57 2652
57 2371
57 3148
58 477
58 2069
58 657
58 730
58 1901
58 468
58 800
58 1770
58 2727
58 2550
58 2532
58 3079
58 1728
58 2843
58 506
59 2495
59 3195
59 2430
59 2974
59 856
59 418
59 1625
59 1909
59 1736
59 3222
59 2027
59 1147
59 3069
59 1739
59 3114
60 277
60 821
60 2903
60 339
60 80
60 1463
60 1251
60 1574
60 488
60 627
60 1077
60 2698
60 1784
60 1667
60 760
61 2291
61 2740
61 3154
61 935
61 2008
61 1172
61 75
61 68
61 552
61 683
61 343
61 2345
61 765
61 1105
61 1271
62 16
62 2594
62 962
62 1707
62 1606
62 1456
62 293
62 1905
62 104
62 563
62 1704
62 1030
62 2523
62 458
62 154
63 742
63 3118
63 1503
63 3008
63 325
63 698
63 222
63 1666
63 2200
63 2505
63 2110
63 860
63 1892
63 1057
63 2286
64 1899
64 2542
64 143
64 1300
64 3197
64 1964
64 2999
64 278
64 2183
64 1862
64 188
64 767
64 1701
64 1247
64 2124
65 1255
65 454
65 801
65 2650
65 1447
65 3120
65 1886
65 2777
65 1012
65 1002
65 3052
65 3210
65 2614
65 926
65 2017
66 370
66 2058
66 2308
66 2460
66 2959
66 241
66 3003
66 3240
66 2319
66 2061
66 2719
66 1155
66 625
66 1424
66 696
67 787
67 998
67 3063
67 655
67 1429
67 2479
67 2338
67 3028
67 1510
67 1491
67 197
67 1895
67 2558
67 1353
67 863
68 257
68 2342
68 2170
68 1488
68 2867
68 1409
68 1474
68 2513
68 1619
68 1364
68 684
68 2109
68 1049
68 1471
68 1876
69 1572
69 130
69 2739
69 1839
69 2591
69 149
69 463
69 2724
69 1733
69 759
69 441
69 3215
69 317
69 956
69 194
70 1314
70 1523
70 658
70 660
70 605
70 2108
70 2529
70 291
70 3096
70 3067
70 2340
70 140
70 1766
70 818
70 2343
71 2786
71 861
71 2927
71 3030
71 786
71 1088
71 532
71 1878
71 1199
71 2790
71 2791
71 473
71 747
71 933
71 386
72 404
72 378
72 1628
72 2474
72 1711
72 1507
72 2022
72 1705
72 1969
72 1330
72 342
72 1632
72 973
72 2937
72 2819
73 1948
73 1187
73 1603
73 2002
73 2906
73 2333
73 849
73 2848
73 2016
73 84
73 904
73 2437
73 1183
73 1159
73 2381
74 1119
74 1415
74 2958
74 1029
74 3036
74 2604
74 1679
74 44
74 1682
74 549
74 3231
74 3002
74 1834
74 487
74 1316
75 433
75 2468
75 2431
75 2583
75 2000
75 2957
75 2105
75 1143
75 145
75 1869
75 1636
75 3164
75 64
75 1954
75 1430
76 1151
76 1620
76 2458
76 2106
76 1167
76 85
76 437
76 1787
76 1086
76 2099
76 1958
76 967
76 1313
76 1048
76 3073
77 3151
77 2977
77 2832
77 1815
77 2850
77 2144
77 1427
77 2750
77 2055
77 2128
77 322
77 2188
77 824
77 2480
77 498
78 682
78 225
78 659
78 444
78 889
78 2065
78 2643
78 103
78 850
78 518
78 2160
78 120
78 1917
78 3090
78 830
79 1071
79 270
79 1196
79 469
79 1250
79 3184
79 1986
79 2880
79 3012
79 2226
79 911
79 283
79 2979
79 206
79 1195
80 1609
80 1939
80 1971
80 2533
80 2838
80 2421
80 902
80 724
80 586
80 3176
80 1402
80 772
80 249
80 2436
80 665
81 2829
81 2450
81 869
81 1432
81 1438
81 2751
81 83
81 2485
81 510
81 1043
81 1312
81 129
81 3141
81 2808
81 2934
82 3163
82 2588
82 2514
82 1761
82 1590
82 1141
82 3124
82 2051
82 719
82 2202
82 1874
82 3162
82 1134
82 875
82 2305
83 1359
83 2917
83 1662
83 2589
83 3226
83 834
83 1659
83 2059
83 1477
83 2842
83 2435
83 644
83 2137
83 1814
83 1844
84 1018
84 1591
84 1678
84 2555
84 1605
84 1377
84 2254
84 45
84 2642
84 2965
84 1258
84 2571
84 1443
84 1033
84 117
85 1116
85 508
85 1072
85 2335
85 183
85 2277
85 284
85 3084
85 1465
85 185
85 577
85 1937
85 1951
85 465
85 1533
86 985
86 1752
86 1309
86 1066
86 1743
86 1376
86 1037
86 11
86 2
86 2656
86 3070
86 2633
86 1229
86 1370
86 2683
87 748
87 995
87 182
87 353
87 2919
87 2246
87 619
87 2103
87 267
87 674
87 1512
87 750
87 879
87 1833
87 1652
88 400
88 22
88 2311
88 3233
88 314
88 959
88 290
88 1750
88 34
88 3071
88 2759
88 193
88 1264
88 299
88 2280
89 2352
89 897
89 2120
89 2063
89 425
89 313
89 611
89 1053
89 635
89 738
89 410
89 2664
89 991
89 1003
89 1910
90 609
90 1722
90 2270
90 803
90 1865
90 1780
90 2943
90 1514
90 1046
90 2009
90 795
90 2167
90 1949
90 743
90 1526
91 169
91 948
91 3027
91 1161
91 3053
91 681
91 1541
91 1778
91 3147
91 223
91 919
91 2249
91 3170
91 2971
91 1389
92 1340
92 1759
92 1357
92 1164
92 319
92 1068
92 1991
92 1710
92 979
92 2507
92 52
92 1868
92 1262
92 1854
92 1882
93 2298
93 2334
93 1800
93 2115
93 1420
93 3201
93 329
93 1691
93 1912
93 1593
93 2883
93 530
93 280
93 409
93 2608
94 622
94 589
94 1816
94 1280
94 2723
94 3092
94 1449
94 2536
94 630
94 2082
94 232
94 366
94 265
94 501
94 3110
95 2601
95 707
95 2339
95 1380
95 2528
95 2444
95 2781
95 1617
95 1851
95 945
95 733
95 1548
95 886
95 381
95 963
96 2118
96 1618
96 6
96 3150
96 2461
96 1822
96 2044
96 2901
96 1089
96 3015
96 2755
96 2920
96 855
96 2143
96 1978
97 3009
97 202
97 2482
97 2148
97 2735
97 729
97 3037
97 1980
97 123
97 1416
97 2935
97 2823
97 2127
97 1307
97 24
98 2056
98 667
98 355
98 781
98 3104
98 1231
98 411
98 2681
98 2896
98 1798
98 1582
98 1349
98 2481
98 2300
98 1965
99 1596
99 2015
99 690
99 2592
99 475
99 106
99 545
99 89
99 976
99 1981
99 3066
99 2268
99 773
99 1508
99 2402
100 2711
100 550
100 242
100 2768
100 3228
100 208
100 2978
100 3
100 2666
100 1597
100 1828
100 709
100 1127
100 699
100 2307
101 3082
101 2278
101 1153
101 1651
101 2544
101 62
101 871
101 1520
101 2263
101 228
101 2398
101 1292
101 1966
101 1440
101 483
102 1779
102 2048
102 2545
102 3238
102 520
102 356
102 1073
102 1081
102 2741
102 1840
102 2581
102 2796
102 2175
102 1418
102 417
103 397
103 2070
103 1904
103 147
103 567
103 1530
103 1479
103 2448
103 2182
103 1669
103 1738
103 718
103 671
103 2794
103 1950
104 2779
104 2306
104 32
104 1665
104 1687
104 2150
104 67
104 2578
104 883
104 1464
104 2752
104 620
104 783
104 2111
104 2527
105 3089
105 2928
105 3158
105 2787
105 1270
105 1569
105 2718
105 2052
105 507
105 1107
105 2247
105 2956
105 536
105 934
105 668
106 700
106 227
106 1094
106 1396
106 588
106 1228
106 1335
106 2766
106 2033
106 486
106 3165
106 3055
106 2401
106 3006
106 2094
107 616
107 2961
107 1397
107 2153
107 15
107 2006
107 304
107 1944
107 3211
107 2478
107 1095
107 1643
107 2416
107 1268
107 1470
108 1055
108 4
108 3094
108 2953
108 108
108 2682
108 297
108 1305
108 3022
108 1145
108 2036
108 764
108 1344
108 3224
108 2827
109 3018
109 1974
109 184
109 2997
109 1977
109 3000
109 107
109 1084
109 1289
109 2487
109 1214
109 1706
109 142
109 2864
109 262
110 1566
110 1793
110 493
110 2140
110 2384
110 2902
110 192
110 2899
110 2788
110 1356
110 2833
110 2707
110 2030
110 398
110 1276
111 825
111 2010
111 1693
111 2657
111 2380
111 1813
111 3235
111 1588
111 255
111 3190
111 3026
111 3047
111 1454
111 3207
111 1564
112 131
112 1338
112 581
112 1303
112 1283
112 2892
112 1452
112 2107
112 1825
112 1050
112 2506
112 2634
112 3173
112 97
112 866
113 2607
113 1404
113 1658
113 81
113 1110
113 1696
113 2011
113 1246
113 1660
113 181
113 1106
113 1838
113 2694
113 1478
113 776
114 1232
114 2973
114 2703
114 2742
114 921
114 2427
114 1122
114 2142
114 1664
114 692
114 1202
114 1144
114 676
114 1212
114 2397
115 602
115 779
115 3169
115 2728
115 2054
115 1924
115 2499
115 1236
115 3139
115 2185
115 3166
115 2580
115 3167
115 2232
115 793
116 2552
116 1400
116 1366
116 2671
116 2289
116 983
116 754
116 913
116 656
116 673
116 1446
116 373
116 2632
116 258
116 595
117 511
117 2409
117 226
117 1848
117 2825
117 1165
117 2053
117 1191
117 953
117 1654
117 2675
117 1466
117 1070
117 931
117 2348
118 1045
118 1639
118 845
118 3123
118 3109
118 335
118 2404
118 1842
118 2822
118 996
118 1041
118 300
118 198
118 2138
118 868
119 1114
119 213
119 331
119 2331
119 2854
119 2469
119 763
119 512
119 1253
119 2267
119 1788
119 1166
119 713
119 2050
119 2387
120 1655
120 572
120 1855
120 1362
120 2685
120 490
120 2972
120 2410
120 326
120 2265
120 1337
120 1150
120 2062
120 2260
120 1227
121 970
121 1777
121 1610
121 1661
121 1690
121 1864
121 3237
121 2732
121 2217
121 575
121 309
121 541
121 594
121 77
121 1137
122 1961
122 125
122 680
122 2412
122 2173
122 2798
122 859
122 1835
122 1497
122 766
122 1516
122 2734
122 2177
122 2046
122 816
123 1272
123 98
123 1857
123 1957
123 2525
123 1098
123 2262
123 2064
123 2236
123 1213
123 1928
123 1435
123 2540
123 78
123 415
124 3122
124 527
124 2575
124 2548
124 1749
124 2801
124 2778
124 1322
124 751
124 91
124 1024
124 608
124 1891
124 19
124 1482
125 178
125 2382
125 997
125 1943
125 1762
125 2970
125 2362
125 3206
125 2193
125 2587
125 3182
125 2879
125 2100
125 634
125 631
126 1139
126 936
126 817
126 1117
126 2913
126 259
126 1188
126 3101
126 1897
126 26
126 150
126 1622
126 1692
126 1594
126 2373
127 2001
127 1760
127 2420
127 135
127 2518
127 1439
127 2692
127 134
127 2337
127 2422
127 1998
127 2774
127 1789
127 994
127 1336
128 2447
128 2303
128 245
128 661
128 2239
128 1238
128 3112
128 1422
128 2212
128 2476
128 2129
128 2457
128 1239
128 1320
128 1996
129 2433
129 1946
129 281
129 2377
129 1676
129 1556
129 1573
129 2418
129 36
129 1130
129 2438
129 505
129 2197
129 3220
129 1923
130 3217
130 2870
130 514
130 478
130 220
130 2508
130 1310
130 263
130 2747
130 1587
130 1751
130 3044
130 2678
130 553
130 590
131 652
131 705
131 328
131 900
131 1718
131 1358
131 2745
131 2623
131 405
131 2890
131 244
131 2830
131 2296
131 430
131 1062
132 2220
132 2547
132 2341
132 1240
132 607
132 653
132 583
132 1525
132 3127
132 3179
132 774
132 993
132 910
132 1355
132 173
133 1578
133 2130
133 1489
133 2950
133 294
133 1131
133 1756
133 1408
133 839
133 1426
133 2531
133 413
133 3138
133 570
133 2570
134 1414
134 1099
134 2288
134 156
134 920
134 1821
134 734
134 2122
134 2658
134 2361
134 1715
134 1518
134 1599
134 344
134 3125
135 2834
135 3097
135 2230
135 1294
135 1146
135 2948
135 1595
135 903
135 1295
135 2613
135 1367
135 2884
135 310
135 3221
135 1931
136 279
136 1034
136 2802
136 2597
136 2627
136 893
136 2765
136 672
136 2701
136 55
136 542
136 535
136 2459
136 1494
136 1893
137 2865
137 1670
137 1096
137 1028
137 972
137 1410
137 1598
137 732
137 402
137 2584
137 591
137 1871
137 728
137 1534
137 1765
138 1644
138 1412
138 1994
138 2454
138 2859
138 2323
138 1277
138 1717
138 1641
138 677
138 1278
138 978
138 243
138 406
138 2344
139 2831
139 50
139 305
139 502
139 111
139 1453
139 807
139 25
139 1254
139 822
139 3129
139 942
139 753
139 2771
139 2456
140 1342
140 977
140 1334
140 2014
140 3208
140 1914
140 1374
140 3174
140 482
140 2676
140 2566
140 1913
140 1281
140 784
140 1345
141 1242
141 1219
141 1115
141 462
141 2994
141 1392
141 2370
141 3087
141 333
141 2243
141 1282
141 2134
141 1997
141 1827
141 981
142 2358
142 1521
142 1399
142 254
142 799
142 1970
142 2669
142 2534
142 320
142 53
142 1623
142 204
142 564
142 2990
142 420
143 170
143 645
143 1383
143 2031
143 3199
143 394
143 3113
143 1571
143 2704
143 1375
143 2229
143 1390
143 794
143 2396
143 1291
144 347
144 375
144 2918
144 1513
144 292
144 1158
144 2535
144 1013
144 2989
144 1608
144 3135
144 3116
144 1299
144 2744
144 1069
145 132
145 1967
145 965
145 212
145 1388
145 2595
145 252
145 2351
145 285
145 2710
145 1022
145 2889
145 2754
145 1647
145 1386
146 1293
146 3098
146 2116
146 1125
146 2368
146 881
146 2806
146 2738
146 2887
146 3134
146 989
146 2399
146 1016
146 2067
146 2954
147 2852
147 2519
147 138
147 118
147 3106
147 3187
147 1500
147 1925
147 2840
147 2394
147 3014
147 35
147 86
147 3130
147 1256
148 1204
148 2165
148 2670
148 2395
148 1495
148 371
148 2392
148 704
148 2921
148 160
148 1888
148 938
148 854
148 364
148 1197
149 1417
149 1968
149 1063
149 1132
149 3041
149 2560
149 2180
149 1118
149 2074
149 604
149 2042
149 1244
149 240
149 691
149 2114
150 2269
150 2034
150 38
150 636
150 737
150 571
150 2349
150 2609
150 1742
150 453
150 1157
150 338
150 741
150 2936
150 1296
151 922
151 1140
151 2847
151 2261
151 2282
151 2677
151 1461
151 2012
151 37
151 2969
151 1773
151 3234
151 2964
151 1009
151 599
152 1138
152 1567
152 1829
152 2640
152 1486
152 1866
152 2756
152 2176
152 1772
152 2983
152 2157
152 3159
152 1907
152 3172
152 1108
153 2032
153 1133
153 1847
153 2573
153 2018
153 3236
153 2824
153 852
153 412
153 352
153 2112
153 1201
153 1248
153 940
153 382
154 3171
154 2610
154 2962
154 1940
154 1217
154 448
154 1648
154 139
154 1638
154 1431
154 3086
154 1421
154 168
154 2663
154 218
155 1769
155 584
155 2350
155 914
155 3001
155 332
155 1220
155 3029
155 2914
155 2449
155 1956
155 2266
155 596
155 2510
155 555
156 716
156 1561
156 2189
156 2209
156 613
156 568
156 1763
156 1369
156 1287
156 1092
156 2372
156 2192
156 1179
156 61
156 2385
157 3076
157 2761
157 2284
157 2477
157 836
157 557
157 2238
157 626
157 2667
157 341
157 808
157 2318
157 1333
157 1820
157 2195
158 350
158 472
158 3077
158 2524
158 195
158 1008
158 1285
158 531
158 2839
158 2679
158 521
158 1457
158 122
158 2511
158 689
159 2194
159 1524
159 2619
159 941
159 1075
159 1274
159 1192
159 2504
159 1646
159 234
159 1472
159 1323
159 2660
159 30
159 177
160 3121
160 189
160 2241
160 2693
160 1802
160 2502
160 1552
160 516
160 2797
160 2599
160 633
160 990
160 3155
160 1267
160 982
161 236
161 10
161 2654
161 1286
161 3115
161 2729
161 2205
161 2133
161 2429
161 1852
161 1189
161 1592
161 864
161 357
161 2898
162 2473
162 1351
162 810
162 2877
162 1173
162 23
162 731
162 179
162 814
162 164
162 56
162 952
162 618
162 1650
162 474
163 321
163 1035
163 1211
163 1584
163 1006
163 777
163 1509
163 896
163 1955
163 1927
163 2661
163 301
163 210
163 2026
163 949
164 2944
164 2005
164 2442
164 2486
164 2231
164 3194
164 273
164 2425
164 2060
164 924
164 1859
164 2158
164 2844
164 1565
164 2101
165 2579
165 2522
165 1007
165 1853
165 3126
165 2152
165 2722
165 1568
165 2982
165 153
165 2085
165 327
165 1747
165 2472
165 1933
166 2873
166 2543
166 2324
166 1830
166 2731
166 2408
166 1808
166 1807
166 2975
166 2635
166 749
166 2644
166 2684
166 3075
166 3117
167 2576
167 3045
167 1480
167 1074
167 1428
167 459
167 224
167 1306
167 598
167 3108
167 1354
167 372
167 1391
167 504
167 3230
168 1537
168 2102
168 3065
168 1437
168 1082
168 509
168 1804
168 3161
168 1451
168 429
168 827
168 813
168 359
168 1015
168 1932
169 1576
169 880
169 964
169 491
169 1684
169 480
169 2123
169 2813
169 2603
169 2845
169 2665
169 196
169 503
169 853
169 2174
170 1226
170 2039
170 1311
170 3060
170 1601
170 2849
170 2904
170 841
170 2225
170 3205
170 13
170 1102
170 2146
170 2910
170 2093
171 1186
171 946
171 1054
171 1011
171 2984
171 3057
171 3149
171 2816
171 1198
171 2190
171 662
171 163
171 1019
171 2211
171 3204
172 2946
172 2151
172 2851
172 2081
172 2940
172 70
172 2625
172 3059
172 148
172 316
172 711
172 94
172 2169
172 1621
172 2930
173 1499
173 937
173 1216
173 1962
173 892
173 3074
173 2257
173 2668
173 1382
173 2419
173 2697
173 1528
173 1873
173 288
173 844
174 2893
174 2359
174 2926
174 161
174 1010
174 1795
174 1297
174 395
174 1611
174 1586
174 1492
174 1036
174 2923
174 1156
174 2991
175 992
175 554
175 1469
175 2207
175 974
175 449
175 47
175 2715
175 513
175 1060
175 1774
175 360
175 261
175 1476
175 1301
176 2736
176 2567
176 2020
176 238
176 1824
176 2494
176 540
176 701
176 1178
176 2938
176 885
176 1444
176 666
176 1237
176 436
177 3038
177 3011
177 96
177 641
177 2894
177 1896
177 2066
177 1455
177 2612
177 2590
177 99
177 2258
177 2315
177 362
177 908
178 17
178 835
178 3213
178 7
178 1394
178 379
178 1371
178 559
178 2379
178 2998
178 843
178 888
178 1938
178 1922
178 2403
179 1
179 18
179 2705
179 2374
179 2564
179 1215
179 1624
179 2617
179 2121
179 721
179 2987
179 2951
179 239
179 874
179 1200
180 582
180 345
180 2283
180 2820
180 3095
180 3042
180 126
180 489
180 811
180 2655
180 330
180 877
180 1076
180 1688
180 3081
181 1269
181 2516
181 1727
181 307
181 2462
181 1080
181 2168
181 2245
181 1796
181 758
181 1218
181 925
181 312
181 2181
181 1797
182 28
182 1261
182 1861
182 3061
182 1613
182 2561
182 1093
182 1273
182 1547
182 2119
182 703
182 1875
182 2637
182 744
182 606
183 1703
183 1645
183 1942
183 1490
183 274
183 100
183 1540
183 2690
183 610
183 2248
183 2871
183 440
183 3013
183 3102
183 2216
184 560
184 174
184 1120
184 2363
184 219
184 2885
184 443
184 1321
184 2687
184 2084
184 975
184 543
184 2700
184 2316
184 621
185 544
185 2941
185 968
185 1671
185 890
185 2203
185 2221
185 2563
185 2255
185 2689
185 3004
185 127
185 1935
185 3017
185 3024
186 1185
186 1579
186 1952
186 2440
186 46
186 1506
186 2773
186 597
186 566
186 1027
186 2855
186 1545
186 367
186 2135
186 3152
187 898
187 3183
187 2386
187 1384
187 306
187 2491
187 576
187 466
187 2045
187 1434
187 873
187 2841
187 2606
187 2649
187 438
188 2556
188 113
188 2227
188 3202
188 2075
188 1315
188 1818
188 2776
188 1735
188 217
188 275
188 479
188 1350
188 632
188 524
189 374
189 1170
189 303
189 805
189 988
189 2746
189 1450
189 1498
189 548
189 2793
189 798
189 2346
189 2626
189 1222
189 782
190 528
190 1879
190 2526
190 119
190 1182
190 1225
190 2041
190 650
190 2674
190 451
190 87
190 1154
190 2501
190 1677
190 1580
191 1721
191 2475
191 1515
191 1112
191 2515
191 315
191 2360
191 761
191 3178
191 1100
191 529
191 670
191 2922
191 2329
191 1758
192 725
192 1327
192 1755
192 1724
192 3145
192 2630
192 2259
192 82
192 578
192 1266
192 361
192 858
192 1845
192 29
192 464
193 954
193 2131
193 2389
193 63
193 640
193 1801
193 2886
193 961
193 324
193 812
193 21
193 1163
193 187
193 3072
193 2393
194 3031
194 2237
194 1413
194 137
194 1129
194 422
194 717
194 407
194 2470
194 1872
194 3080
194 2565
194 2708
194 2995
194 697
195 2388
195 2772
195 623
195 960
195 556
195 771
195 2215
195 2375
195 1675
195 2184
195 2799
195 2611
195 2273
195 1581
195 1926
196 2496
196 1989
196 951
196 1263
196 1544
196 446
196 2366
196 1889
196 1346
196 2079
196 2836
196 481
196 2466
196 1527
196 1233
197 1775
197 1790
197 2888
197 823
197 1230
197 2235
197 648
197 388
197 928
197 2407
197 867
197 2087
197 615
197 1085
197 1887
198 2097
198 1894
198 2639
198 2691
198 3062
198 2312
198 906
198 72
198 1783
198 2960
198 1673
198 1460
198 2924
198 2616
198 346
199 3200
199 775
199 165
199 1911
199 592
199 2040
199 1740
199 628
199 2003
199 1867
199 778
199 2647
199 1555
199 2862
199 1004
200 2426
200 1635
200 3193
200 434
200 2615
200 3218
200 1653
200 158
200 2139
200 2620
200 2582
200 884
200 1589
200 706
200 538
201 2804
201 2256
201 642
201 2295
201 3085
201 205
201 1511
201 1221
201 2434
201 1162
201 2493
201 2907
201 2465
201 3144
201 1657
202 2204
202 1031
202 1767
202 2520
202 2317
202 907
202 51
202 2490
202 48
202 1918
202 1702
202 340
202 1843
202 2057
202 2405
203 1123
203 460
203 2186
203 857
203 688
203 2835
203 3175
203 2770
203 33
203 1602
203 2789
203 1634
203 385
203 735
203 2279
204 2874
204 1038
204 2686
204 1941
204 815
204 191
204 1832
204 1902
204 1819
204 930
204 2908
204 2047
204 264
204 2163
204 3189
205 423
205 1908
205 2376
205 2037
205 2035
205 2281
205 2743
205 984
205 2895
205 1903
205 1529
205 679
205 3058
205 1674
205 3153
206 1849
206 2967
206 3212
206 2488
206 3239
206 2805
206 1001
206 1841
206 2737
206 796
206 471
206 387
206 389
206 3198
206 2702
207 2090
207 1972
207 3180
207 60
207 2985
207 862
207 311
207 1550
207 2117
207 3140
207 8
207 2538
207 2294
207 92
207 136
208 785
208 1856
208 693
208 1433
208 1532
208 250
208 2866
208 3214
208 1870
208 2297
208 517
208 872
208 2424
208 101
208 484
209 1332
209 233
209 1930
209 282
209 1360
209 2198
209 3078
209 1194
209 1836
209 3209
209 3093
209 1585
209 2861
209 2325
209 1745
210 1920
210 1407
210 1347
210 1686
210 600
210 1546
210 3132
210 2038
210 1203
210 1877
210 3035
210 1995
210 3216
210 1052
210 2915
211 1419
211 1663
211 166
211 1626
211 2147
211 802
211 1730
211 2213
211 1916
211 1091
211 3010
211 1792
211 2126
211 199
211 788
212 870
212 2244
212 1169
212 1963
212 2585
212 1953
212 2932
212 2285
212 235
212 1504
212 2509
212 2272
212 269
212 2113
212 2749
213 2758
213 2406
213 1051
213 2817
213 651
213 2347
213 2086
213 1753
213 533
213 470
213 2378
213 2411
213 579
213 2757
213 1372
214 1776
214 2083
214 2559
214 215
214 593
214 2091
214 2712
214 1812
214 391
214 1988
214 847
214 1343
214 2445
214 831
214 612
215 9
215 2365
215 587
215 663
215 1668
215 271
215 427
215 2234
215 2949
215 894
215 3119
215 2187
215 2600
215 1559
215 2512
216 1284
216 2911
216 1976
216 2164
216 546
216 79
216 167
216 105
216 1381
216 41
216 2696
216 456
216 561
216 109
216 722
1 3901
1 4047
1 4564
1 4570
1 3405
1 6278
1 3452
1 4953
1 3781
1 5946
1 5681
1 5317
1 4031
1 4200
1 5822
1 4375
1 4082
1 4873
1 5824
1 3444
1 3340
1 4269
1 5235
1 5489
2 5957
2 5657
2 5704
2 5302
2 5716
2 3617
2 4682
2 3835
2 3876
2 3708
2 5098
2 4421
2 3667
2 5841
2 3718
2 4711
2 6160
2 4667
2 3904
2 4060
2 6014
2 5348
2 4197
2 6259
3 6002
3 4843
3 4610
3 3550
3 3353
3 3808
3 6062
3 4892
3 4876
3 3915
3 3450
3 5230
3 5081
3 5431
3 5794
3 3448
3 6337
3 5469
3 4766
3 4616
3 6275
3 5339
3 5476
3 5407
4 5856
4 3348
4 5391
4 3364
4 5562
4 4019
4 5767
4 5589
4 4810
4 6073
4 5595
4 5752
4 3943
4 4933
4 5344
4 3622
4 3767
4 6358
4 4715
4 4190
4 3503
4 5272
4 3985
4 4349
5 3986
5 3753
5 5810
5 4593
5 3307
5 6031
5 4144
5 5962
5 5776
5 5313
5 5576
5 6320
5 5011
5 5215
5 5499
5 3318
5 6176
5 4949
5 5039
5 6041
5 5840
5 5430
5 4411
5 4612
6 5710
6 4434
6 3769
6 5360
6 5362
6 6255
6 3435
6 6221
6 3378
6 5599
6 4821
6 3923
6 4021
6 5037
6 4566
6 4473
6 4955
6 3944
6 4926
6 6115
6 3795
6 4604
6 4654
6 4644
7 3274
7 5995
7 6436
7 6421
7 6392
7 5019
7 3344
7 6209
7 4203
7 4841
7 5796
7 3465
7 5787
7 3861
7 3574
7 5135
7 4146
7 4422
7 4902
7 4193
7 4224
7 4418
7 3638
7 3291
8 3333
8 5523
8 5094
8 6313
8 5641
8 5725
8 5741
8 5021
8 3557
8 3409
8 5312
8 4153
8 3442
8 5428
8 4607
8 6220
8 3513
8 4394
8 5696
8 4229
8 4154
8 5151
8 6391
8 3725
9 6057
9 5254
9 6016
9 5398
9 4217
9 3352
9 4030
9 4762
9 6260
9 5440
9 5784
9 4018
9 6128
9 3970
9 6231
9 4736
9 5031
9 4119
9 6171
9 3918
9 5670
9 5358
9 6452
9 5549
10 4618
10 3422
10 4890
10 5301
10 5518
10 4133
10 3828
10 4135
10 4500
10 3406
10 3290
10 3710
10 4698
10 5698
10 5790
10 3685
10 4963
10 3812
10 4897
10 6080
10 3892
10 5470
10 5111
10 6405
11 5061
11 6424
11 4959
11 5022
11 4199
11 6400
11 4684
11 6401
11 4633
11 4916
11 6409
11 4525
11 4202
11 3911
11 4679
11 6402
11 3977
11 5042
11 4189
11 4113
11 6389
11 4035
11 5633
11 5455
12 4567
12 3645
12 4057
12 5558
12 6207
12 4647
12 5105
12 4044
12 5866
12 3464
12 4457
12 6464
12 3984
12 3778
12 4993
12 6476
12 5485
12 4354
12 5669
12 6439
12 6010
12 5974
12 4036
12 5299
13 3371
13 6170
13 4265
13 3868
13 3419
13 3858
13 4535
13 5639
13 4282
13 5560
13 3544
13 3625
13 3495
13 5817
13 3358
13 3607
13 3245
13 4338
13 4940
13 4048
13 4628
13 4569
13 3880
13 6363
14 5252
14 4480
14 4680
14 4726
14 3692
14 6419
14 4005
14 5705
14 6003
14 4029
14 3756
14 5389
14 5600
14 4728
14 4551
14 4238
14 6339
14 5643
14 4253
14 5335
14 5915
14 3356
14 4835
14 4692
15 4724
15 5868
15 6045
15 4990
15 4366
15 6228
15 5601
15 5496
15 6257
15 5461
15 4139
15 5872
15 4158
15 4803
15 5820
15 6132
15 3920
15 5498
15 6292
15 3785
15 5327
15 4599
15 5409
15 4542
16 5505
16 4914
16 4590
16 4350
16 5968
16 4127
16 4117
16 5076
16 4334
16 4381
16 3472
16 6161
16 4072
16 3851
16 6471
16 4236
16 4648
16 3549
16 5032
16 4538
16 3598
16 5406
16 5845
16 5723
17 3714
17 3379
17 6252
17 4437
17 5876
17 4388
17 4467
17 4245
17 4893
17 3363
17 3870
17 5165
17 3600
17 3365
17 3682
17 5066
17 4227
17 5848
17 6478
17 5762
17 5480
17 3883
17 5527
17 3721
18 5724
18 5291
18 3852
18 4301
18 5451
18 4454
18 3548
18 6433
18 5552
18 4894
18 4539
18 5806
18 5736
18 4929
18 5875
18 6005
18 5315
18 3816
18 3814
18 3429
18 6270
18 4462
18 5015
18 3765
19 3794
19 3566
19 4630
19 4231
19 5635
19 4772
19 3395
19 3486
19 6386
19 4626
19 3988
19 5256
19 5260
19 5000
19 4737
19 3849
19 3774
19 5818
19 3813
19 3611
19 4782
19 3280
19 6121
19 5387
20 5838
20 5417
20 3793
20 5331
20 3818
20 5003
20 5426
20 4747
20 6343
20 5873
20 3324
20 4669
20 3758
20 5533
20 3345
20 3567
20 6215
20 5981
20 3388
20 5394
20 3321
20 4591
20 4550
20 3939
21 6463
21 5380
21 4516
21 3966
21 4061
21 6298
21 4292
21 6417
21 3576
21 3932
21 4376
21 4813
21 5637
21 5017
21 4735
21 6064
21 4389
21 3639
21 3547
21 5420
21 6341
21 4009
21 5942
21 5717
22 3252
22 5581
22 5246
22 4965
22 5071
22 4582
22 5900
22 6081
22 4276
22 4148
22 4054
22 5369
22 6192
22 5216
22 3372
22 6112
22 4775
22 6379
22 4780
22 4358
22 3247
22 3958
22 5045
22 5827
23 4333
23 4852
23 3315
23 4033
23 6465
23 5402
23 6167
23 6334
23 3470
23 4461
23 5761
23 4620
23 4651
23 4614
23 3414
23 3745
23 5591
23 6458
23 3341
23 5145
23 5311
23 4885
23 6088
23 4102
24 4090
24 4108
24 3987
24 3609
24 3737
24 4085
24 6218
24 4482
24 5604
24 6109
24 4707
24 4406
24 6035
24 4086
24 3896
24 4861
24 5619
24 5690
24 5248
24 5238
24 4106
24 4442
24 6385
24 5378
25 4277
25 6466
25 4820
25 3536
25 3314
25 3759
25 3687
25 6345
25 5982
25 3971
25 5701
25 6248
25 5950
25 3914
25 4935
25 4927
25 4826
25 3256
25 5196
25 3339
25 5020
25 3467
25 5178
25 5843
26 3483
26 5713
26 5273
26 3312
26 5508
26 4131
26 5490
26 4079
26 3855
26 5146
26 4954
26 5575
26 4871
26 6019
26 6092
26 4201
26 6105
26 6247
26 3248
26 5495
26 5901
26 4956
26 4008
26 5336
27 4474
27 6427
27 4094
27 6089
27 4770
27 5036
27 6291
27 4903
27 4507
27 5515
27 4404
27 5068
27 4039
27 6462
27 6403
27 5676
27 4870
27 5497
27 5671
27 4077
27 5051
27 6130
27 5150
27 5967
28 6404
28 4303
28 6182
28 5632
28 3477
28 4788
28 5801
28 5863
28 4784
28 4419
28 5921
28 4173
28 5528
28 3696
28 4729
28 6157
28 6102
28 3807
28 3740
28 3424
28 3401
28 4080
28 4879
28 4653
29 3872
29 4093
29 4511
29 5864
29 3659
29 5743
29 4493
29 4089
29 6349
29 4164
29 3981
29 3910
29 5202
29 4466
29 6091
29 3934
29 5834
29 4179
29 3709
29 5554
29 5774
29 5853
29 5926
29 3605
30 4537
30 4318
30 5823
30 6381
30 5006
30 4909
30 5659
30 3281
30 4337
30 4794
30 3396
30 4003
30 5278
30 6098
30 5918
30 5571
30 5179
30 4256
30 3859
30 6472
30 6408
30 4853
30 3662
30 4552
31 6300
31 5373
31 5829
31 5200
31 3258
31 3811
31 4681
31 3301
31 3878
31 4910
31 5001
31 5385
31 3242
31 5258
31 4286
31 4716
31 4562
31 6258
31 4167
31 5118
31 5166
31 5694
31 4769
31 3347
32 3655
32 4563
32 5014
32 3334
32 3300
32 4741
32 5514
32 6054
32 5454
32 6185
32 5353
32 4812
32 6431
32 5342
32 5913
32 3681
32 4597
32 3824
32 3752
32 5878
32 4104
32 5877
32 4055
32 5035
33 5830
33 4701
33 5126
33 5738
33 5194
33 5192
33 6256
33 5608
33 3674
33 3265
33 3403
33 5847
33 5675
33 4392
33 3931
33 4124
33 5195
33 3678
33 4786
33 4280
33 3412
33 6350
33 6264
33 4921
34 4136
34 5184
34 5005
34 5529
34 4753
34 5757
34 5263
34 5224
34 3675
34 5623
34 5932
34 6043
34 4777
34 4321
34 5719
34 5656
34 4092
34 5949
34 3499
34 5543
34 3393
34 5346
34 4161
34 6024
35 5707
35 3884
35 6328
35 5062
35 4042
35 3428
35 4241
35 6451
35 3398
35 3390
35 3283
35 5615
35 4081
35 4973
35 4128
35 3577
35 3830
35 5786
35 6082
35 3653
35 5858
35 5267
35 3637
35 3298
36 4943
36 5018
36 4878
36 5343
36 6123
36 4899
36 3650
36 6225
36 3374
36 3427
36 4452
36 4778
36 3319
36 6290
36 3610
36 3485
36 5177
36 4213
36 3642
36 3834
36 6251
36 5960
36 3952
36 5079
37 5149
37 3699
37 4225
37 5791
37 3342
37 5350
37 4371
37 5038
37 3991
37 3508
37 4944
37 4663
37 3599
37 6196
37 5154
37 5222
37 5112
37 6435
37 5083
37 4924
37 4801
37 6042
37 3532
37 5852
38 5464
38 3720
38 4315
38 4014
38 3955
38 4718
38 4284
38 3999
38 5468
38 4675
38 4123
38 3802
38 5210
38 4556
38 3903
38 4414
38 4598
38 3670
38 5993
38 5753
38 3764
38 4585
38 6001
38 4096
39 4453
39 3282
39 4699
39 6195
39 5735
39 4877
39 3360
39 5905
39 4844
39 6285
39 5456
39 5046
39 3331
39 4249
39 3436
39 3771
39 4006
39 3471
39 4727
39 6443
39 4799
39 3554
39 3286
39 5928
40 5526
40 6268
40 4798
40 4776
40 5908
40 4159
40 3738
40 4553
40 5645
40 5099
40 3684
40 5640
40 4430
40 6138
40 5002
40 5140
40 4761
40 5488
40 3889
40 3480
40 6323
40 5053
40 3702
40 4977
41 4274
41 6203
41 4514
41 4880
41 4025
41 4069
41 5059
41 3302
41 5672
41 4433
41 5826
41 5270
41 5566
41 4649
41 3569
41 4091
41 4986
41 5137
41 4930
41 4629
41 5203
41 5393
41 5487
41 6243
42 5213
42 5207
42 6369
42 6365
42 4228
42 5082
42 6295
42 6477
42 4509
42 4703
42 4984
42 5854
42 3882
42 4325
42 5131
42 3968
42 4773
42 6356
42 4402
42 4291
42 5770
42 5971
42 4609
42 3615
43 6175
43 4050
43 4369
43 4530
43 5722
43 4546
43 5452
43 3362
43 4840
43 4491
43 5729
43 4523
43 5802
43 3888
43 3589
43 5187
43 5351
43 5638
43 5951
43 4532
43 3457
43 5588
43 6317
43 3941
44 4317
44 5104
44 5033
44 5244
44 5274
44 3262
44 6398
44 5937
44 5610
44 5626
44 4922
44 5255
44 3592
44 5885
44 3597
44 6179
44 5765
44 4174
44 6384
44 6370
44 5668
44 4864
44 6335
44 6327
45 5809
45 4272
45 3994
45 4441
45 3634
45 5851
45 3691
45 5684
45 3255
45 5472
45 5030
45 4266
45 4458
45 4503
45 6367
45 4087
45 4374
45 4222
45 6348
45 4906
45 5065
45 4672
45 4343
45 4233
46 6074
46 3919
46 5324
46 5579
46 4706
46 3426
46 4195
46 5108
46 3947
46 5916
46 4122
46 6273
46 5337
46 3867
46 4068
46 6026
46 5421
46 4828
46 6069
46 4664
46 3798
46 5586
46 4520
46 5236
47 5857
47 5867
47 4978
47 6453
47 4138
47 6240
47 5687
47 4147
47 6085
47 5733
47 6079
47 5314
47 6467
47 6376
47 3449
47 4097
47 5415
47 4518
47 6178
47 5218
47 4887
47 4459
47 5572
47 6017
48 6232
48 5155
48 5167
48 5772
48 6036
48 4412
48 5121
48 3368
48 3838
48 6142
48 4206
48 5634
48 4184
48 5673
48 5266
48 4832
48 6162
48 3458
48 5727
48 5354
48 5969
48 5751
48 4387
48 5113
49 3899
49 5890
49 3750
49 6297
49 3993
49 3832
49 6336
49 5584
49 3546
49 5677
49 5340
49 3507
49 4335
49 5865
49 4186
49 3564
49 5702
49 6183
49 5004
49 3652
49 4379
49 6474
49 5788
49 5665
50 6353
50 4757
50 6416
50 4846
50 3724
50 6011
50 4356
50 6060
50 5245
50 5862
50 4505
50 5142
50 4115
50 4095
50 4285
50 3305
50 6447
50 6184
50 4995
50 3581
50 5789
50 3263
50 4498
50 3806
51 4278
51 4941
51 5984
51 6030
51 5759
51 5899
51 3588
51 5988
51 5379
51 3266
51 5183
51 4242
51 6449
51 4888
51 4611
51 6191
51 3410
51 4918
51 6412
51 4235
51 6440
51 4792
51 6070
51 5844
52 3629
52 5352
52 3992
52 4283
52 6204
52 4252
52 5831
52 5849
52 4032
52 5371
52 5087
52 4882
52 5925
52 5054
52 4129
52 4521
52 6263
52 3646
52 4674
52 3289
52 5208
52 6347
52 6004
52 3800
53 4624
53 3487
53 3916
53 3648
53 5226
53 4194
53 3780
53 5264
53 3275
53 5029
53 4323
53 6246
53 6090
53 4719
53 4848
53 4064
53 4650
53 5271
53 6395
53 4697
53 4627
53 4248
53 4326
53 5980
54 4390
54 5773
54 3461
54 4289
54 4327
54 3288
54 4742
54 4046
54 5819
54 5190
54 4632
54 4970
54 5185
54 4151
54 3666
54 5821
54 5648
54 3555
54 4020
54 3578
54 3294
54 6103
54 5952
54 3608
55 5855
55 3336
55 5156
55 6034
55 6044
55 6302
55 5760
55 5569
55 5756
55 5585
55 6319
55 3929
55 3881
55 4210
55 4817
55 5940
55 5597
55 3810
55 3382
55 3243
55 5201
55 5367
55 4969
55 4783
56 3705
56 5839
56 4764
56 5243
56 4416
56 5975
56 4427
56 3506
56 6237
56 3747
56 5964
56 5795
56 3474
56 5807
56 3937
56 6262
56 6344
56 5069
56 5012
56 5253
56 5127
56 4796
56 3267
56 6137
57 3542
57 4405
57 5443
57 3479
57 5521
57 3792
57 6187
57 6241
57 4600
57 4983
57 3491
57 5850
57 6413
57 4901
57 6106
57 6006
57 4579
57 5084
57 4557
57 3244
57 5910
57 6266
57 4424
57 3515
58 4806
58 3580
58 4393
58 4531
58 3711
58 5647
58 5846
58 5064
58 5128
58 4178
58 5625
58 4896
58 4041
58 4677
58 4996
58 5163
58 4752
58 4947
58 5229
58 5870
58 4439
58 5319
58 4420
58 5546
59 5261
59 3913
59 4488
59 5425
59 5500
59 4839
59 3978
59 4994
59 5366
59 5628
59 3957
59 3591
59 6140
59 3797
59 4359
59 6359
59 4180
59 4362
59 6049
59 5938
59 3906
59 3466
59 6155
59 5688
60 5783
60 6329
60 4472
60 6394
60 5703
60 3723
60 3965
60 6428
60 5060
60 3349
60 4700
60 6147
60 6087
60 4577
60 6037
60 3763
60 4625
60 4517
60 4744
60 3676
60 3482
60 4435
60 4850
60 3510
61 5837
61 4543
61 5726
61 3616
61 6322
61 3829
61 5644
61 4738
61 6104
61 4187
61 5779
61 5052
61 3694
61 6279
61 5907
61 6084
61 4307
61 4302
61 3264
61 3268
61 5458
61 6173
61 4730
61 5661
62 4429
62 4034
62 5372
62 5535
62 5450
62 3606
62 4526
62 5088
62 4279
62 5983
62 4440
62 6373
62 5911
62 4487
62 5674
62 6303
62 4643
62 3743
62 3933
62 5522
62 5217
62 3498
62 6311
62 3335
63 5894
63 4342
63 4605
63 4662
63 4492
63 6151
63 4099
63 5433
63 5547
63 3772
63 5771
63 5048
63 4884
63 3249
63 6294
63 3346
63 4571
63 3355
63 4621
63 5049
63 5377
63 4581
63 5237
63 5080
64 6283
64 3563
64 4465
64 3744
64 5279
64 5249
64 3948
64 5413
64 5044
64 4805
64 3565
64 6076
64 6236
64 3787
64 4163
64 3980
64 3782
64 5922
64 4758
64 4974
64 3270
64 4483
64 4105
64 5329
65 6110
65 3651
65 5390
65 5695
65 5715
65 5169
65 6146
65 3434
65 6318
65 6289
65 5174
65 5502
65 5745
65 4026
65 4316
65 3693
65 5432
65 5092
65 3278
65 3397
65 4456
65 3930
65 6029
65 4120
66 3786
66 4103
66 6051
66 4962
66 6012
66 5077
66 4494
66 3729
66 5682
66 4239
66 5541
66 3732
66 4022
66 4519
66 3796
66 6410
66 3241
66 4771
66 6046
66 6153
66 3688
66 4660
66 3701
66 5777
67 3722
67 6267
67 3949
67 5206
67 6177
67 5321
67 5078
67 3326
67 5580
67 5446
67 6314
67 3820
67 4619
67 6040
67 5660
67 6077
67 3523
67 4470
67 3323
67 4739
67 4584
67 6139
67 5241
67 5739
68 4748
68 5603
68 5376
68 3900
68 4346
68 4304
68 3672
68 3677
68 5539
68 5642
68 3658
68 5986
68 4495
68 3817
68 3773
68 6315
68 5355
68 6097
68 4981
68 3959
68 6346
68 4867
68 4515
68 3907
69 4765
69 6371
69 5563
69 4510
69 4512
69 4126
69 4344
69 3310
69 5439
69 4746
69 6280
69 4311
69 6047
69 5484
69 4312
69 4622
69 3801
69 5999
69 4205
69 6058
69 5976
69 4987
69 6144
69 3522
70 5748
70 4666
70 3803
70 4287
70 5457
70 6071
70 5225
70 3840
70 5322
70 5693
70 4364
70 3713
70 4640
70 5861
70 6250
70 3296
70 3624
70 6456
70 4140
70 5775
70 4053
70 5906
70 6420
70 6378
71 6145
71 4545
71 5239
71 4447
71 4363
71 5506
71 3656
71 3316
71 5028
71 3469
71 3367
71 3864
71 5097
71 6205
71 4275
71 6276
71 4297
71 5832
71 4932
71 3995
71 3246
71 5621
71 3854
71 3308
72 5744
72 3996
72 5285
72 4116
72 4961
72 5294
72 5309
72 5008
72 4831
72 6118
72 4907
72 4883
72 3912
72 4399
72 6188
72 5251
72 3376
72 4549
72 5293
72 3407
72 6067
72 4071
72 5594
72 5734
73 3619
73 4824
73 3373
73 6415
73 6096
73 3766
73 5259
73 4220
73 3453
73 4939
73 6310
73 4367
73 4267
73 6189
73 3392
73 4842
73 3942
73 4043
73 6219
73 5978
73 5134
73 5435
73 3673
73 4946
74 3626
74 5945
74 5537
74 3927
74 5116
74 5525
74 3641
74 6190
74 5436
74 4196
74 6316
74 5404
74 3686
74 6211
74 4037
74 4712
74 4000
74 5269
74 5544
74 4062
74 4814
74 5966
74 5892
74 6023
75 5781
75 5292
75 4098
75 4132
75 3539
75 4407
75 5212
75 3505
75 3579
75 5583
75 4705
75 3552
75 3540
75 5041
75 5399
75 5934
75 4234
75 5531
75 3317
75 5587
75 4809
75 6331
75 5860
75 6163
76 4254
76 5211
76 4714
76 5138
76 4331
76 3945
76 5816
76 5602
76 4767
76 5447
76 6169
76 6442
76 6397
76 6457
76 6307
76 5935
76 5714
76 6299
76 3425
76 3821
76 5240
76 4760
76 6116
76 6368
77 4052
77 5493
77 6445
77 6332
77 4149
77 4212
77 5025
77 4322
77 4257
77 4639
77 5636
77 4641
77 5797
77 5306
77 5482
77 3518
77 4244
77 3497
77 4636
77 4860
77 5780
77 4377
77 6007
77 3601
78 5063
78 5624
78 4208
78 3562
78 3890
78 3961
78 3631
78 3297
78 6444
78 3938
78 5507
78 3257
78 6174
78 5814
78 4555
78 3951
78 5939
78 5175
78 5050
78 4143
78 5712
78 6287
78 5173
78 5132
79 4262
79 5573
79 4634
79 4950
79 5401
79 4445
79 4802
79 4524
79 5186
79 5897
79 5869
79 3831
79 4489
79 3857
79 4486
79 3351
79 5611
79 4261
79 3354
79 4382
79 4631
79 5804
79 3741
79 3596
80 5889
80 5613
80 4900
80 4409
80 3437
80 3790
80 3998
80 4347
80 6227
80 4815
80 6479
80 5992
80 5460
80 5606
80 5553
80 6360
80 5655
80 4177
80 3877
80 3989
80 3504
80 4223
80 6033
80 3936
81 3496
81 4725
81 3734
81 5307
81 3960
81 4985
81 6224
81 5711
81 3490
81 5193
81 5590
81 3649
81 5998
81 5304
81 5361
81 6265
81 3627
81 5007
81 6107
81 4438
81 3762
81 3775
81 6407
81 5678
82 5136
82 3853
82 5622
82 6181
82 5812
82 4547
82 5510
82 3271
82 3898
82 4646
82 3632
82 5221
82 3572
82 3841
82 3789
82 3556
82 5730
82 6354
82 3527
82 4264
82 4464
82 3950
82 3292
82 5442
83 4904
83 5205
83 5100
83 5122
83 6473
83 5384
83 3337
83 3484
83 4423
83 5545
83 5040
83 5923
83 5956
83 3454
83 4827
83 5124
83 3250
83 5990
83 4451
83 5530
83 6075
83 5332
83 3640
83 5075
84 4101
84 3254
84 3590
84 5091
84 3375
84 4602
84 4912
84 6214
84 3568
84 4819
84 5825
84 5652
84 5467
84 3973
84 5170
84 4508
84 5333
84 5742
84 5769
84 5023
84 4655
84 5115
84 5349
84 4125
85 3277
85 5382
85 5459
85 4527
85 6450
85 3850
85 6136
85 3826
85 6180
85 4431
85 4587
85 5427
85 5073
85 4501
85 6374
85 3799
85 6235
85 3669
85 4756
85 3473
85 3538
85 4247
85 3260
85 4869
86 5666
86 4001
86 4685
86 5323
86 6308
86 3636
86 4024
86 5880
86 4288
86 3261
86 5434
86 3575
86 5286
86 5282
86 3359
86 4572
86 6134
86 5148
86 5198
86 4931
86 5010
86 3533
86 3361
86 3946
87 4066
87 5120
87 6254
87 3921
87 3416
87 4676
87 3535
87 4800
87 4191
87 4372
87 5955
87 3559
87 5189
87 4497
87 5598
87 4694
87 3512
87 4176
87 4155
87 3924
87 5492
87 4428
87 6127
87 6234
88 5886
88 6324
88 5139
88 6429
88 3895
88 6032
88 6414
88 5943
88 5043
88 4368
88 5548
88 6072
88 4232
88 3697
88 4475
88 3269
88 3433
88 5199
88 6281
88 4385
88 5096
88 4415
88 3459
88 5534
89 4886
89 4560
89 6086
89 5374
89 3451
89 3481
89 4398
89 4811
89 4002
89 6375
89 5465
89 5985
89 3541
89 4380
89 6119
89 6388
89 6021
89 4928
89 3287
89 5365
89 5220
89 5835
89 3874
89 4991
90 3253
90 4209
90 6342
90 5609
90 4145
90 5891
90 4251
90 5130
90 3823
90 3420
90 5308
90 5491
90 5805
90 3328
90 3873
90 4988
90 4211
90 3837
90 4446
90 3560
90 6432
90 5328
90 4785
90 5559
91 3742
91 5429
91 4859
91 5483
91 4074
91 4088
91 4992
91 4110
91 4365
91 5058
91 4015
91 5481
91 3761
91 6131
91 3953
91 6309
91 4012
91 5989
91 3809
91 3768
91 6061
91 6223
91 4045
91 4373
92 4594
92 4683
92 5605
92 5692
92 5653
92 4733
92 3418
92 6212
92 3668
92 6135
92 5941
92 3975
92 3521
92 3917
92 4324
92 4763
92 5501
92 3885
92 3972
92 5423
92 4889
92 4905
92 4207
92 3492
93 5283
93 5977
93 5375
93 5578
93 5620
93 4919
93 5289
93 4759
93 5881
93 5683
93 4260
93 4561
93 5295
93 4469
93 4836
93 4720
93 5316
93 6406
93 3417
93 4295
93 5209
93 4107
93 4141
93 5658
94 6094
94 5564
94 5197
94 5944
94 4857
94 5994
94 6193
94 3501
94 4866
94 3979
94 6448
94 5143
94 4688
94 5691
94 6018
94 4558
94 4731
94 5281
94 4592
94 4183
94 3529
94 4881
94 4400
94 4506
95 4185
95 4263
95 5663
95 3731
95 4355
95 4038
95 3654
95 5129
95 6396
95 5954
95 5555
95 4657
95 5298
95 4352
95 6269
95 4823
95 6459
95 5408
95 6059
95 3755
95 4100
95 4348
95 3404
95 4851
96 5627
96 5486
96 4170
96 3644
96 3716
96 6441
96 3727
96 5345
96 6114
96 5732
96 3514
96 5086
96 4568
96 5503
96 5418
96 5247
96 3330
96 4314
96 5965
96 5618
96 3865
96 6200
96 4065
96 5731
97 5341
97 5172
97 4976
97 4849
97 4891
97 6022
97 4589
97 4979
97 4384
97 5556
97 4615
97 6068
97 4391
97 3438
97 3726
97 5746
97 6168
97 4168
97 3703
97 5262
97 5444
97 3623
97 5979
97 6330
98 4847
98 4638
98 6050
98 5893
98 4856
98 5453
98 5799
98 5509
98 5828
98 3663
98 3844
98 4967
98 5902
98 5896
98 4855
98 5888
98 3456
98 3441
98 4360
98 3922
98 5158
98 6475
98 6399
98 4504
99 5160
99 4310
99 5917
99 3843
99 3304
99 4708
99 4137
99 5764
99 4258
99 6222
99 4673
99 3399
99 5157
99 4913
99 5721
99 6216
99 4150
99 4294
99 3295
99 4063
99 6233
99 3478
99 4204
99 5513
100 4479
100 5987
100 4455
100 6312
100 5895
100 4142
100 5883
100 6126
100 5318
100 3320
100 4575
100 4606
100 3329
100 6293
100 3779
100 4023
100 5232
100 3935
100 4181
100 3712
100 4059
100 4219
100 6172
100 4548
101 4351
101 3476
101 5871
101 3842
101 6468
101 3891
101 5740
101 3571
101 5419
101 4942
101 6362
101 6352
101 5540
101 5475
101 6066
101 4134
101 6326
101 4656
101 5793
101 3909
101 4668
101 3630
101 5785
101 5958
102 4396
102 3964
102 5904
102 5268
102 3690
102 5347
102 4862
102 6186
102 4198
102 6158
102 3439
102 3391
102 5557
102 4007
102 4118
102 6078
102 4665
102 5117
102 3902
102 6338
102 6101
102 5582
102 5616
102 3545
103 6306
103 4237
103 4357
103 3875
103 6277
103 5651
103 3273
103 3384
103 5685
103 3460
103 5912
103 6305
103 6117
103 3706
103 4915
103 5728
103 3698
103 3443
103 5538
103 4332
103 3413
103 3860
103 6253
103 5300
104 3385
104 4329
104 3982
104 4717
104 6286
104 4408
104 4109
104 4259
104 3603
104 6025
104 4476
104 3389
104 3717
104 3350
104 5574
104 6242
104 3836
104 5416
104 5250
104 4432
104 6213
104 4917
104 5947
104 5125
105 5359
105 6194
105 5370
105 3455
105 4637
105 5882
105 3553
105 4952
105 6296
105 4565
105 5972
105 6000
105 4017
105 5257
105 4540
105 4635
105 6199
105 3370
105 4410
105 5596
105 4011
105 3394
105 5471
105 4175
106 4960
106 3983
106 5879
106 5612
106 4768
106 4795
106 5085
106 5755
106 4787
106 5290
106 6460
106 4216
106 5103
106 3387
106 5550
106 5462
106 5034
106 3863
106 4083
106 4816
106 3543
106 6122
106 5024
106 3475
107 3908
107 3517
107 4689
107 3976
107 3928
107 6423
107 5445
107 4937
107 4268
107 6164
107 5280
107 3660
107 3594
107 6206
107 5214
107 6052
107 4980
107 6426
107 5204
107 4743
107 3990
107 5466
107 6469
107 5524
108 5577
108 6377
108 3583
108 5667
108 3509
108 3338
108 4169
108 4450
108 5494
108 5519
108 6304
108 4554
108 4908
108 3754
108 4923
108 5750
108 4341
108 4807
108 6141
108 3788
108 5859
108 4586
108 3500
108 5617
109 6039
109 5180
109 6125
109 5887
109 3969
109 3879
109 3770
109 6133
109 5161
109 5803
109 6301
109 4226
109 5504
109 3431
109 5067
109 5287
109 4073
109 5013
109 4425
109 3819
109 4290
109 3925
109 5749
109 5478
110 6438
110 4695
110 4732
110 4951
110 5593
110 5463
110 5720
110 5176
110 5357
110 6390
110 6271
110 4513
110 5056
110 5395
110 5996
110 3595
110 3757
110 5141
110 4051
110 5009
110 5392
110 6245
110 5403
110 5778
111 5689
111 5649
111 6027
111 5057
111 5568
111 6149
111 6461
111 4661
111 4825
111 4578
111 3432
111 5929
111 6217
111 4704
111 3974
111 4808
111 5228
111 4401
111 5233
111 3954
111 3760
111 4691
111 5630
111 4755
112 4188
112 6143
112 3259
112 4964
112 3967
112 3561
112 4791
112 4690
112 3602
112 5231
112 6355
112 4938
112 5953
112 5388
112 3447
112 5338
112 3661
112 6056
112 4221
112 3593
112 5162
112 5758
112 4016
112 5607
113 3887
113 6274
113 4250
113 5074
113 3707
113 6229
113 5152
113 5650
113 3664
113 3573
113 4678
113 4296
113 3866
113 4595
113 5107
113 4306
113 6095
113 4534
113 3530
113 3671
113 4982
113 5479
113 3748
113 5927
114 4966
114 4361
114 5963
114 4383
114 4710
114 5093
114 3383
114 5405
114 4378
114 5330
114 6129
114 6020
114 3519
114 5411
114 3306
114 6152
114 3587
114 4522
114 5919
114 5424
114 5305
114 4754
114 3381
114 5747
115 5997
115 5520
115 3411
115 5933
115 3516
115 6154
115 4659
115 6382
115 5709
115 5680
115 4436
115 4898
115 5936
115 5959
115 5227
115 4989
115 5512
115 6055
115 3551
115 3421
115 5437
115 4868
115 6093
115 5102
116 4078
116 3997
116 4481
116 5567
116 5310
116 4895
116 3777
116 4789
116 3463
116 4576
116 6048
116 4968
116 5106
116 5168
116 3621
116 4215
116 4340
116 6202
116 5763
116 4463
116 4013
116 3489
116 4687
116 4460
117 4830
117 5234
117 5422
117 6434
117 3251
117 5737
117 6008
117 4397
117 5275
117 3791
117 3613
117 3897
117 4603
117 3468
117 3445
117 4642
117 6156
117 3430
117 6009
117 6383
117 5697
117 3815
117 3700
117 5400
118 5414
118 6387
118 5473
118 4837
118 3325
118 5920
118 4345
118 4833
118 4790
118 5798
118 5792
118 4751
118 5089
118 3871
118 3869
118 5386
118 5991
118 4499
118 5101
118 3862
118 3665
118 3604
118 3415
118 5631
119 3963
119 5410
119 5326
119 6210
119 5662
119 5164
119 3848
119 5664
119 3633
119 4270
119 4601
119 4330
119 5016
119 3784
119 6015
119 3715
119 5356
119 6065
119 3620
119 4911
119 3462
119 6261
119 5815
119 5297
120 3585
120 5516
120 4028
120 3739
120 5334
120 6165
120 3628
120 4818
120 4271
120 3940
120 6053
120 3528
120 5898
120 6333
120 3825
120 6197
120 4468
120 3534
120 3746
120 3845
120 5536
120 3526
120 5706
120 6282
121 4192
121 4166
121 6425
121 4696
121 3408
121 6372
121 6150
121 4613
121 4058
121 4040
121 3926
121 4686
121 4671
121 4156
121 4975
121 3805
121 5110
121 5782
121 3332
121 4328
121 3827
121 3400
121 3343
121 4533
122 6230
122 6418
122 6239
122 4713
122 5931
122 4309
122 5364
122 4845
122 5884
122 4580
122 4608
122 4027
122 3369
122 5090
122 4320
122 3272
122 3657
122 5924
122 4623
122 5948
122 5517
122 5219
122 5766
122 4426
123 5159
123 5961
123 3520
123 3446
123 3313
123 5109
123 5441
123 3293
123 4496
123 5570
123 4130
123 6113
123 4865
123 5325
123 4934
123 5477
123 6470
123 4478
123 3494
123 3679
123 4854
123 5646
123 5363
123 5181
124 3537
124 3440
124 3525
124 4749
124 6028
124 5182
124 4863
124 5614
124 5699
124 5842
124 3327
124 4874
124 4403
124 4298
124 4958
124 4822
124 4070
124 5800
124 5284
124 5474
124 4339
124 4084
124 5511
124 5833
125 5303
125 5123
125 3647
125 4111
125 3822
125 6393
125 4838
125 6063
125 6430
125 3839
125 4774
125 3736
125 4299
125 4781
125 5288
125 5718
125 6366
125 4386
125 5412
125 4997
125 6099
125 5296
125 4972
125 5449
126 3612
126 4056
126 3299
126 4444
126 5874
126 4573
126 3279
126 3689
126 4544
126 5903
126 3719
126 4645
126 4925
126 4319
126 4658
126 4218
126 5191
126 6226
126 3531
126 5654
126 6364
126 5055
126 4971
126 5072
127 4353
127 5973
127 5914
127 6198
127 4574
127 5320
127 4114
127 5114
127 4010
127 4067
127 5532
127 5277
127 4829
127 4734
127 3386
127 5811
127 4313
127 4998
127 5686
127 6111
127 5144
127 4255
127 4541
127 4740
128 4075
128 3524
128 4240
128 6083
128 4162
128 4172
128 4528
128 4300
128 4004
128 3423
128 5813
128 6038
128 3894
128 3833
128 3847
128 5592
128 3643
128 5808
128 4182
128 6321
128 4779
128 6357
128 3558
128 4230
129 5095
129 6380
129 4449
129 3680
129 4872
129 5265
129 4858
129 4945
129 5448
129 6201
129 4936
129 3749
129 4152
129 4171
129 3846
129 4336
129 4559
129 3962
129 6148
129 4484
129 3586
129 4160
129 3893
129 4750
130 3886
130 3380
130 4413
130 3582
130 4583
130 5542
130 4721
130 4049
130 4693
130 3488
130 4797
130 3618
130 3635
130 5133
130 5768
130 4948
130 4214
130 5153
130 4617
130 5396
130 5836
130 4793
130 5026
130 4536
131 5565
131 4273
131 4702
131 5368
131 6351
131 6284
131 4243
131 4875
131 3704
131 4529
131 4485
131 6361
131 3402
131 4471
131 4370
131 3570
131 3309
131 5381
131 5700
131 3377
131 6159
131 4443
131 3695
131 6454
132 6100
132 5397
132 5909
132 6422
132 4121
132 6411
132 6288
132 3614
132 4246
132 4395
132 5223
132 5070
132 4448
132 5188
132 4804
132 6244
132 5027
132 5147
132 6340
132 6124
132 4157
132 4709
132 3493
132 3728
133 6166
133 3502
133 5754
133 3357
133 3511
133 6437
133 5679
133 4477
133 4834
133 3804
133 5561
133 5930
133 3285
133 4999
133 4588
133 4920
133 5708
133 4652
133 3276
133 5119
133 4670
133 4076
133 3366
133 3322
134 6480
134 3303
134 6120
134 3856
134 4490
134 5047
134 6238
134 4305
134 3311
134 5242
134 5438
134 3783
134 5629
134 5970
134 3733
134 4502
134 6455
134 6249
134 4723
134 4957
134 6208
134 5276
134 3735
134 6325
135 3956
135 4722
135 6446
135 4417
135 3683
135 6272
135 3751
135 3730
135 3284
135 3776
135 4308
135 6013
135 4293
135 4745
135 4165
135 6108
135 4112
135 4281
135 3584
135 4596
135 3905
135 5383
135 5551
135 5171
