3 4
360 180
8 16
1 260
1 2718
1 2720
1 840
1 1977
1 1561
1 215
1 1781
2 2816
2 2140
2 846
2 1849
2 1185
2 1466
2 2544
2 1381
3 1978
3 189
3 445
3 688
3 2457
3 1928
3 1758
3 1918
4 1432
4 2880
4 75
4 2868
4 889
4 2879
4 2637
4 1693
5 1986
5 683
5 827
5 1273
5 1074
5 1113
5 15
5 366
6 2297
6 2301
6 670
6 497
6 2557
6 768
6 551
6 632
7 1595
7 731
7 2850
7 2811
7 1772
7 567
7 2119
7 1342
8 1153
8 643
8 561
8 1566
8 1423
8 1282
8 2794
8 2086
9 42
9 1933
9 2335
9 2123
9 2436
9 1308
9 1023
9 2179
10 1387
10 1820
10 365
10 759
10 1476
10 531
10 1104
10 2337
11 616
11 2508
11 512
11 1669
11 2142
11 268
11 520
11 1170
12 2014
12 758
12 1841
12 2829
12 2466
12 132
12 1251
12 1316
13 1533
13 1487
13 1632
13 2549
13 2481
13 2104
13 2194
13 1106
14 2509
14 2068
14 2861
14 2659
14 956
14 1031
14 1067
14 2542
15 1922
15 2786
15 1081
15 2157
15 1165
15 1950
15 1317
15 2094
16 2609
16 1194
16 1143
16 375
16 629
16 165
16 1047
16 784
17 2805
17 489
17 1451
17 265
17 1905
17 1243
17 1585
17 49
18 1519
18 2580
18 1348
18 1288
18 295
18 170
18 946
18 2599
19 483
19 1159
19 2239
19 2427
19 1144
19 847
19 665
19 500
20 382
20 2838
20 861
20 482
20 347
20 2482
20 782
20 1425
21 2230
21 1502
21 2751
21 2136
21 2729
21 1778
21 2703
21 1105
22 1011
22 1124
22 1080
22 2280
22 2591
22 1666
22 2452
22 487
23 22
23 534
23 124
23 798
23 1109
23 750
23 2084
23 2777
24 2576
24 1146
24 1613
24 1868
24 1359
24 1664
24 549
24 2823
25 2396
25 1721
25 2814
25 1510
25 744
25 1107
25 469
25 35
26 226
26 2852
26 48
26 2085
26 447
26 1380
26 1990
26 12
27 2310
27 1861
27 743
27 942
27 1535
27 109
27 468
27 91
28 1116
28 1209
28 2614
28 1860
28 1005
28 62
28 655
28 2220
29 1277
29 1211
29 2538
29 2493
29 2857
29 2122
29 1873
29 2263
30 1832
30 1115
30 806
30 685
30 1363
30 972
30 308
30 136
31 2456
31 236
31 466
31 2690
31 2072
31 809
31 1517
31 1083
32 2832
32 20
32 1642
32 1474
32 1354
32 1344
32 252
32 945
33 1198
33 253
33 1183
33 2135
33 199
33 1078
33 713
33 281
34 440
34 1989
34 2543
34 1486
34 821
34 595
34 2611
34 446
35 2167
35 69
35 780
35 2261
35 2619
35 2320
35 1131
35 195
36 2681
36 728
36 1704
36 372
36 848
36 2109
36 1246
36 1965
37 2494
37 2773
37 542
37 518
37 772
37 485
37 1092
37 2159
38 1395
38 1557
38 2530
38 2488
38 2011
38 179
38 1413
38 876
39 1732
39 1458
39 228
39 2761
39 250
39 1171
39 2579
39 214
40 1184
40 1786
40 1036
40 385
40 603
40 1058
40 249
40 1037
41 1365
41 148
41 1307
41 1417
41 2039
41 1021
41 1456
41 1578
42 2865
42 955
42 1446
42 2187
42 2426
42 52
42 2778
42 593
43 1176
43 557
43 2221
43 2460
43 312
43 2764
43 2815
43 1641
44 369
44 142
44 1779
44 1462
44 77
44 1654
44 795
44 2164
45 1294
45 1766
45 1649
45 294
45 2735
45 797
45 2076
45 2449
46 770
46 337
46 1279
46 1727
46 1489
46 859
46 1688
46 2434
47 2113
47 2526
47 1600
47 2232
47 2117
47 399
47 1268
47 36
48 819
48 895
48 1554
48 2809
48 474
48 1042
48 46
48 1148
49 2525
49 475
49 1207
49 2842
49 2400
49 498
49 1511
49 516
50 1087
50 599
50 293
50 2137
50 982
50 716
50 1586
50 1985
51 1231
51 2651
51 2843
51 2813
51 113
51 502
51 1236
51 74
52 1507
52 666
52 916
52 663
52 2471
52 1717
52 883
52 1483
53 1730
53 1718
53 2421
53 1720
53 2472
53 138
53 1318
53 2391
54 1500
54 682
54 424
54 661
54 659
54 438
54 208
54 1743
55 528
55 2785
55 39
55 2593
55 1073
55 488
55 1310
55 1858
56 1321
56 41
56 264
56 1043
56 504
56 2248
56 2173
56 2675
57 2029
57 1808
57 1901
57 21
57 622
57 202
57 923
57 1570
58 2188
58 586
58 10
58 1907
58 238
58 1899
58 2527
58 1672
59 2700
59 57
59 1465
59 2684
59 1526
59 1396
59 2853
59 2699
60 2252
60 2768
60 932
60 183
60 2154
60 2872
60 472
60 817
61 2247
61 1325
61 2648
61 855
61 1846
61 1810
61 173
61 2774
62 2177
62 1804
62 2055
62 321
62 2669
62 2131
62 1651
62 349
63 1235
63 525
63 1084
63 1655
63 844
63 1491
63 1597
63 535
64 198
64 386
64 2311
64 694
64 2178
64 2418
64 1382
64 1094
65 1306
65 2344
65 2093
65 409
65 1480
65 2769
65 2569
65 140
66 1435
66 286
66 1166
66 1958
66 1658
66 2128
66 2281
66 2706
67 2238
67 1683
67 2536
67 2326
67 954
67 313
67 1939
67 1827
68 2803
68 2563
68 9
68 756
68 917
68 1293
68 2862
68 1681
69 2806
69 1394
69 171
69 2618
69 1648
69 699
69 2443
69 1445
70 1735
70 1227
70 617
70 664
70 2285
70 1737
70 1829
70 153
71 262
71 725
71 2628
71 2198
71 387
71 1262
71 802
71 862
72 870
72 2606
72 621
72 950
72 95
72 2364
72 2728
72 18
73 1179
73 1537
73 2500
73 2124
73 1253
73 2447
73 1505
73 1142
74 322
74 2455
74 1748
74 652
74 1403
74 1900
74 2354
74 1946
75 2864
75 990
75 101
75 1174
75 1924
75 323
75 1983
75 962
76 426
76 2689
76 1599
76 940
76 2408
76 407
76 604
76 1070
77 13
77 2584
77 818
77 675
77 1538
77 2338
77 960
77 1138
78 1088
78 677
78 1984
78 702
78 2266
78 2190
78 1923
78 2201
79 2275
79 1009
79 1700
79 1341
79 992
79 774
79 764
79 2520
80 2533
80 2215
80 1543
80 571
80 1285
80 2687
80 2405
80 928
81 738
81 2588
81 836
81 476
81 2079
81 2513
81 2278
81 2492
82 2092
82 2454
82 1322
82 1856
82 692
82 779
82 2780
82 1731
83 547
83 2139
83 1457
83 2524
83 1877
83 510
83 1226
83 2367
84 2757
84 28
84 865
84 1397
84 552
84 2501
84 994
84 1075
85 630
85 1594
85 112
85 364
85 2172
85 2649
85 2827
85 2710
86 907
86 119
86 1045
86 177
86 505
86 2329
86 602
86 2130
87 234
87 2475
87 2389
87 231
87 1555
87 1792
87 566
87 2641
88 1481
88 1175
88 408
88 374
88 2133
88 1289
88 845
88 2505
89 732
89 84
89 735
89 423
89 1773
89 1618
89 1624
89 2858
90 2401
90 1863
90 2061
90 517
90 1379
90 1567
90 569
90 2300
91 2662
91 98
91 1644
91 623
91 2860
91 1825
91 2512
91 1747
92 860
92 453
92 1240
92 2784
92 411
92 1955
92 1001
92 2372
93 1750
93 851
93 1527
93 29
93 100
93 2799
93 2101
93 2531
94 1008
94 1239
94 2483
94 190
94 546
94 590
94 1077
94 2874
95 2191
95 776
95 2006
95 1609
95 362
95 612
95 1844
95 2697
96 53
96 2054
96 2121
96 2565
96 298
96 1173
96 1471
96 1304
97 400
97 1055
97 1560
97 2176
97 1558
97 2775
97 2225
97 87
98 149
98 2087
98 2796
98 1046
98 1757
98 993
98 255
98 111
99 2114
99 2144
99 587
99 1339
99 244
99 2385
99 890
99 2743
100 1822
100 963
100 2212
100 2362
100 679
100 2341
100 2432
100 2174
101 1069
101 1605
101 2205
101 457
101 2129
101 1157
101 1906
101 1276
102 2395
102 2661
102 2224
102 1995
102 421
102 633
102 532
102 1249
103 1584
103 88
103 58
103 2022
103 1685
103 2004
103 2607
103 810
104 2670
104 1351
104 2479
104 1785
104 681
104 553
104 1286
104 2583
105 983
105 2286
105 495
105 921
105 188
105 1390
105 1751
105 1800
106 1572
106 168
106 1369
106 4
106 999
106 2719
106 980
106 2715
107 837
107 1842
107 1947
107 592
107 1072
107 1850
107 2333
107 1670
108 2302
108 248
108 1895
108 2817
108 2229
108 181
108 2295
108 419
109 1691
109 529
109 1770
109 1485
109 1544
109 2242
109 499
109 2760
110 2049
110 965
110 646
110 2033
110 38
110 1592
110 2545
110 723
111 2000
111 1241
111 1614
111 1452
111 1512
111 50
111 613
111 2633
112 2730
112 1738
112 2516
112 2366
112 598
112 1575
112 2048
112 1574
113 44
113 367
113 2556
113 318
113 2688
113 1
113 1883
113 2837
114 1919
114 1264
114 896
114 1897
114 1532
114 2638
114 317
114 368
115 2474
115 2567
115 1130
115 1099
115 875
115 1552
115 110
115 1455
116 1851
116 1442
116 1881
116 1902
116 2202
116 481
116 1917
116 2332
117 1202
117 2200
117 698
117 1090
117 722
117 327
117 1975
117 2365
118 1017
118 906
118 345
118 470
118 1172
118 824
118 192
118 1797
119 1358
119 1646
119 1549
119 1100
119 899
119 537
119 2102
119 1196
120 259
120 2091
120 1993
120 414
120 2149
120 266
120 2163
120 2828
121 1373
121 1150
121 842
121 311
121 1755
121 609
121 1372
121 11
122 986
122 2608
122 1030
122 2596
122 1287
122 275
122 2162
122 2026
123 14
123 660
123 398
123 1102
123 2143
123 2258
123 2
123 2237
124 1834
124 2553
124 2407
124 922
124 2127
124 765
124 850
124 2673
125 2547
125 107
125 2612
125 1421
125 1987
125 686
125 1076
125 2624
126 807
126 1657
126 1437
126 740
126 1200
126 2071
126 346
126 1020
127 706
127 2267
127 1506
127 239
127 1040
127 2012
127 2859
127 1665
128 448
128 2353
128 1943
128 2416
128 1453
128 1949
128 1415
128 832
129 573
129 543
129 869
129 1324
129 494
129 2134
129 2193
129 1953
130 1667
130 628
130 459
130 1581
130 2431
130 1361
130 908
130 638
131 314
131 2429
131 151
131 1528
131 1333
131 2245
131 1429
131 1716
132 2789
132 2348
132 1018
132 1026
132 600
132 1368
132 2346
132 2279
133 562
133 2737
133 2564
133 1123
133 2585
133 2731
133 412
133 363
134 575
134 579
134 2595
134 667
134 700
134 279
134 1930
134 1828
135 267
135 1164
135 874
135 130
135 1631
135 2725
135 559
135 1392
136 904
136 1630
136 2206
136 1208
136 1478
136 2040
136 2594
136 2384
137 657
137 712
137 2219
137 1444
137 1048
137 1149
137 1114
137 370
138 2254
138 1405
138 2347
138 247
138 1999
138 2120
138 2650
138 2331
139 1012
139 2105
139 2307
139 1434
139 2685
139 1238
139 2590
139 2158
140 2080
140 1433
140 2440
140 2854
140 2625
140 2812
140 583
140 2175
141 1818
141 1892
141 79
141 1636
141 1969
141 241
141 1360
141 2465
142 1216
142 2403
142 789
142 1125
142 1103
142 968
142 2656
142 2644
143 656
143 2303
143 2257
143 833
143 435
143 2652
143 2030
143 1016
144 2387
144 118
144 2390
144 1343
144 403
144 1830
144 2782
144 2345
145 1650
145 2308
145 2855
145 1674
145 1284
145 2485
145 1867
145 402
146 626
146 803
146 1633
146 1169
146 2792
146 754
146 1056
146 1760
147 582
147 1783
147 224
147 380
147 2373
147 310
147 1079
147 420
148 678
148 1695
148 1448
148 68
148 2517
148 1686
148 691
148 530
149 2050
149 786
149 2231
149 1160
149 2078
149 2351
149 1353
149 914
150 2090
150 2448
150 463
150 2015
150 2459
150 1963
150 1864
150 350
151 2507
151 576
151 209
151 1314
151 196
151 1404
151 1588
151 615
152 354
152 1911
152 2217
152 511
152 2502
152 1945
152 371
152 2570
153 70
153 210
153 2759
153 2578
153 1112
153 2577
153 1228
153 175
154 2196
154 1824
154 2849
154 1903
154 687
154 513
154 1991
154 1940
155 1256
155 156
155 2138
155 2682
155 319
155 1563
155 601
155 1805
156 2477
156 1932
156 137
156 662
156 584
156 763
156 2708
156 418
157 1193
157 1007
157 578
157 1698
157 376
157 1629
157 1635
157 625
158 1346
158 480
158 793
158 760
158 2203
158 2873
158 1085
158 838
159 948
159 496
159 2290
159 134
159 755
159 1050
159 207
159 2845
160 17
160 2555
160 1880
160 2666
160 642
160 1422
160 54
160 178
161 1719
161 306
161 2034
161 828
161 649
161 2155
161 1484
161 2424
162 455
162 1025
162 1679
162 1935
162 103
162 2156
162 1003
162 1410
163 461
163 23
163 2826
163 307
163 1925
163 2315
163 2284
163 1419
164 1488
164 2677
164 1734
164 1121
164 128
164 2877
164 1845
164 8
165 814
165 771
165 1335
165 805
165 1014
165 2328
165 1155
165 2412
166 2294
166 2009
166 2552
166 2382
166 1089
166 1402
166 1330
166 1759
167 2844
167 2032
167 1110
167 66
167 1233
167 2250
167 971
167 1191
168 2147
168 2750
168 1267
168 145
168 292
168 2282
168 2327
168 1910
169 1406
169 2410
169 926
169 1637
169 1610
169 1447
169 1212
169 2435
170 464
170 1454
170 2168
170 1376
170 1929
170 2511
170 2324
170 432
171 856
171 1441
171 1496
171 2312
171 299
171 1420
171 2523
171 2733
172 690
172 2028
172 2461
172 1848
172 1338
172 194
172 2598
172 2587
173 1764
173 2409
173 903
173 433
173 2146
173 1534
173 697
173 2821
174 1701
174 1746
174 2422
174 1263
174 910
174 2035
174 1811
174 2468
175 1643
175 2478
175 753
175 2528
175 761
175 1061
175 1821
175 2664
176 2419
176 2630
176 2586
176 1002
176 1401
176 1988
176 2186
176 1313
177 1602
177 2804
177 1440
177 2213
177 434
177 2758
177 2082
177 1934
178 1459
178 2686
178 1133
178 2541
178 1120
178 2820
178 1938
178 2361
179 1482
179 2491
179 936
179 2010
179 1852
179 3
179 894
179 2161
180 1097
180 1182
180 790
180 449
180 2420
180 2629
180 1393
180 1443
181 1591
181 2319
181 1784
181 871
181 2497
181 1855
181 2834
181 1796
182 1161
182 225
182 246
182 486
182 741
182 278
182 2413
182 868
183 1257
183 2025
183 2330
183 121
183 1409
183 401
183 2762
183 2099
184 1063
184 556
184 2756
184 736
184 261
184 2469
184 2575
184 40
185 964
185 443
185 727
185 1878
185 1082
185 1522
185 701
185 2151
186 1690
186 1195
186 2169
186 2657
186 2370
186 1006
186 634
186 501
187 1096
187 1869
187 2856
187 2356
187 176
187 1604
187 2083
187 619
188 834
188 849
188 565
188 16
188 1980
188 1951
188 1634
188 1921
189 2672
189 991
189 2695
189 2445
189 773
189 1714
189 2289
189 853
190 2846
190 1349
190 2044
190 2043
190 715
190 2863
190 1545
190 415
191 2658
191 2336
191 1275
191 2495
191 2707
191 1309
191 1843
191 2244
192 1225
192 2646
192 2228
192 951
192 1593
192 242
192 1839
192 1427
193 2788
193 1230
193 1814
193 200
193 607
193 2340
193 639
193 1039
194 742
194 2270
194 1492
194 2717
194 995
194 1298
194 1301
194 812
195 1962
195 373
195 1583
195 1776
195 966
195 65
195 841
195 2115
196 1311
196 141
196 147
196 1247
196 1521
196 129
196 1467
196 462
197 2185
197 1647
197 1724
197 1598
197 2260
197 2251
197 325
197 125
198 273
198 19
198 2559
198 2323
198 1222
198 1948
198 2350
198 1278
199 439
199 61
199 1033
199 541
199 2623
199 672
199 2674
199 422
200 1696
200 2363
200 1498
200 1809
200 305
200 1551
200 1101
200 1793
201 1659
201 696
201 342
201 1460
201 2357
201 1823
201 473
201 2767
202 944
202 533
202 823
202 1140
202 2235
202 1615
202 2343
202 80
203 580
203 792
203 1027
203 2150
203 1430
203 32
203 1095
203 1896
204 925
204 816
204 1703
204 1798
204 384
204 2631
204 2819
204 734
205 157
205 1777
205 335
205 115
205 1132
205 1806
205 2539
205 289
206 1736
206 975
206 2236
206 282
206 2521
206 2463
206 1914
206 2791
207 788
207 357
207 1375
207 918
207 669
207 1680
207 668
207 97
208 2314
208 2199
208 624
208 1426
208 1817
208 2711
208 1137
208 1769
209 2274
209 2053
209 2112
209 719
209 491
209 185
209 358
209 2288
210 570
210 2540
210 820
210 1126
210 2691
210 191
210 2437
210 1470
211 1885
211 1111
211 2840
211 997
211 2292
211 884
211 1723
211 1582
212 340
212 2446
212 1383
212 905
212 1673
212 673
212 222
212 391
213 930
213 2847
213 912
213 958
213 1362
213 558
213 1712
213 217
214 2622
214 2253
214 1966
214 127
214 1473
214 2063
214 2399
214 2192
215 1151
215 1244
215 564
215 2383
215 2781
215 1970
215 2458
215 2620
216 304
216 1320
216 2473
216 2246
216 2211
216 704
216 2360
216 1468
217 152
217 229
217 1134
217 1961
217 186
217 2321
217 471
217 1656
218 2617
218 961
218 92
218 653
218 2047
218 2546
218 695
218 85
219 2810
219 2604
219 519
219 949
219 631
219 996
219 2627
219 2680
220 2642
220 2045
220 1626
220 180
220 2183
220 2621
220 303
220 378
221 1539
221 1876
221 131
221 135
221 71
221 1619
221 2064
221 2487
222 970
222 1331
222 929
222 777
222 2386
222 2476
222 2339
222 1051
223 1385
223 1108
223 658
223 943
223 2171
223 1093
223 1337
223 648
224 767
224 2106
224 1520
224 1653
224 2378
224 981
224 2600
224 2802
225 25
225 1894
225 1952
225 647
225 1847
225 245
225 1733
225 1662
226 2798
226 1199
226 783
226 2052
226 988
226 1319
226 1139
226 2141
227 456
227 1639
227 1788
227 1119
227 879
227 2573
227 2268
227 2041
228 254
228 1391
228 126
228 395
228 237
228 1926
228 1853
228 1580
229 1472
229 442
229 1920
229 1887
229 479
229 1086
229 1524
229 1326
230 2111
230 1840
230 1495
230 2060
230 1872
230 1871
230 1066
230 341
231 2056
231 2322
231 714
231 2441
231 2002
231 1408
231 2013
231 2444
232 1280
232 60
232 2562
232 2522
232 2414
232 1334
232 1742
232 800
233 794
233 1548
233 872
233 86
233 1411
233 2613
233 123
233 521
234 221
234 781
234 1559
234 235
234 2306
234 1347
234 2610
234 1386
235 1652
235 1998
235 1479
235 1916
235 1909
235 1707
235 1292
235 24
236 2256
236 1780
236 637
236 2298
236 897
236 1542
236 2406
236 2534
237 1587
237 1366
237 2453
237 331
237 1122
237 2417
237 274
237 2057
238 745
238 2019
238 300
238 1967
238 2195
238 271
238 2226
238 2342
239 2038
239 108
239 2848
239 2615
239 2755
239 873
239 2065
239 2506
240 1013
240 1607
240 1218
240 2096
240 2066
240 2744
240 187
240 2027
241 2442
241 1835
241 902
241 2518
241 506
241 2742
241 826
241 212
242 769
242 2166
242 1865
242 522
242 2790
242 1974
242 2748
242 26
243 1728
243 144
243 703
243 269
243 1355
243 296
243 1621
243 1782
244 2510
244 909
244 1356
244 931
244 430
244 785
244 1312
244 1866
245 2616
245 969
245 2249
245 1461
245 1064
245 2496
245 1038
245 2023
246 1214
246 548
246 2428
246 1941
246 1982
246 1547
246 161
246 2634
247 2291
247 1178
247 710
247 2165
247 1015
247 1577
247 2089
247 1370
248 1886
248 1702
248 2042
248 1767
248 484
248 1857
248 315
248 1213
249 1715
249 1477
249 2535
249 680
249 2739
249 230
249 2264
249 1976
250 2831
250 1152
250 2296
250 1187
250 2108
250 1972
250 287
250 467
251 1836
251 891
251 708
251 2749
251 2568
251 1378
251 808
251 1513
252 1252
252 1428
252 143
252 1291
252 2639
252 1546
252 1801
252 674
253 2558
253 1837
253 2462
253 2381
253 1204
253 2241
253 830
253 2371
254 2696
254 56
254 1959
254 30
254 1303
254 1029
254 2841
254 2866
255 154
255 2402
255 1028
255 172
255 1573
255 1794
255 989
255 1098
256 1255
256 967
256 1515
256 2716
256 1756
256 596
256 987
256 1684
257 645
257 509
257 984
257 2116
257 1787
257 1232
257 2293
257 1414
258 822
258 880
258 1469
258 574
258 2480
258 2702
258 2103
258 1915
259 508
259 1389
259 1242
259 404
259 379
259 1803
259 2572
259 2714
260 2277
260 394
260 878
260 2007
260 2698
260 1763
260 2287
260 2747
261 1660
261 2073
261 2571
261 676
261 2189
261 2152
261 937
261 2876
262 1740
262 1884
262 240
262 223
262 2216
262 7
262 1708
262 2713
263 89
263 726
263 2107
263 1710
263 2069
263 1259
263 938
263 507
264 2397
264 1494
264 160
264 2738
264 1979
264 2560
264 2208
264 2018
265 5
265 2046
265 2309
265 2451
265 644
265 2519
265 2359
265 1141
266 105
266 332
266 280
266 1509
266 2349
266 1564
266 2415
266 2732
267 490
267 1579
267 356
267 1663
267 751
267 1789
267 1754
267 329
268 1384
268 2693
268 2839
268 106
268 117
268 1739
268 2180
268 1912
269 1761
269 2334
269 381
269 739
269 1296
269 1525
269 1889
269 2721
270 2668
270 219
270 985
270 654
270 465
270 927
270 1936
270 1960
271 2692
271 1060
271 2801
271 204
271 63
271 2694
271 2067
271 749
272 2005
272 197
272 1888
272 947
272 1350
272 2869
272 1816
272 338
273 711
273 858
273 2793
273 2683
273 801
273 150
273 1504
273 2722
274 1565
274 526
274 351
274 392
274 1807
274 1431
274 2532
274 2299
275 2240
275 2835
275 540
275 1258
275 748
275 2574
275 2679
275 568
276 2305
276 297
276 2210
276 1833
276 302
276 2734
276 977
276 2655
277 436
277 2582
277 1399
277 1854
277 550
277 924
277 1774
277 492
278 2376
278 1812
278 328
278 829
278 182
278 882
278 973
278 523
279 1436
279 1439
279 288
279 892
279 324
279 1612
279 1589
279 2118
280 915
280 2003
280 1352
280 627
280 2423
280 116
280 2017
280 1220
281 815
281 2075
281 913
281 1503
281 1136
281 388
281 724
281 1645
282 1416
282 2548
282 2779
282 2304
282 1449
282 733
282 1706
282 2388
283 636
283 2273
283 2537
283 887
283 1859
283 720
283 1237
283 6
284 360
284 1516
284 1019
284 730
284 911
284 1891
284 2797
284 2871
285 2145
285 979
285 1879
285 1813
285 1245
285 2800
285 2752
285 1145
286 867
286 1628
286 1775
286 1377
286 941
286 1530
286 1799
286 1129
287 2430
287 1569
287 2808
287 1000
287 73
287 1819
287 1041
287 59
288 2566
288 232
288 2016
288 1553
288 82
288 2724
288 2712
288 2126
289 2160
289 1957
289 213
289 1158
289 2795
289 804
289 1254
289 1964
290 901
290 1295
290 2486
290 1937
290 2218
290 2676
290 2259
290 1518
291 2269
291 1340
291 291
291 2601
291 2870
291 220
291 1201
291 2377
292 974
292 2498
292 1127
292 1571
292 1682
292 1054
292 2097
292 218
293 1147
293 339
293 2325
293 2398
293 2255
293 1661
293 1367
293 122
294 2663
294 1181
294 2081
294 684
294 493
294 1118
294 538
294 2110
295 1709
295 2425
295 263
295 2233
295 998
295 651
295 1305
295 2317
296 258
296 2209
296 2754
296 2704
296 2765
296 344
296 1328
296 866
297 1177
297 2867
297 1971
297 2671
297 2021
297 2605
297 1398
297 410
298 1407
298 852
298 1697
298 2745
298 839
298 1890
298 478
298 389
299 167
299 2772
299 2283
299 2654
299 563
299 251
299 2464
299 2153
300 1364
300 1162
300 1623
300 2830
300 1802
300 934
300 2640
300 1676
301 2374
301 2726
301 2529
301 2504
301 428
301 650
301 1687
301 1412
302 139
302 1942
302 2667
302 2100
302 1689
302 1726
302 1882
302 585
303 1694
303 747
303 417
303 1826
303 2875
303 1514
303 1501
303 1272
304 441
304 405
304 2051
304 2411
304 2036
304 1713
304 2024
304 104
305 243
305 2355
305 1677
305 1010
305 572
305 608
305 2368
305 545
306 746
306 425
306 99
306 1180
306 1541
306 2746
306 536
306 2098
307 2262
307 1898
307 1091
307 1556
307 27
307 2070
307 34
307 1795
308 766
308 881
308 1332
308 886
308 709
308 1875
308 1224
308 597
309 1336
309 164
309 1302
309 1499
309 939
309 1475
309 450
309 1022
310 51
310 2632
310 2723
310 326
310 309
310 211
310 2602
310 1705
311 284
311 333
311 184
311 2358
311 1611
311 778
311 1590
311 729
312 1186
312 81
312 2467
312 2369
312 2678
312 454
312 413
312 707
313 2822
313 1219
313 1052
313 2227
313 1692
313 1493
313 959
313 514
314 2561
314 1762
314 2709
314 114
314 857
314 611
314 78
314 1283
315 233
315 900
315 2393
315 854
315 717
315 1791
315 1997
315 2503
316 2653
316 935
316 1315
316 2818
316 2223
316 451
316 1450
316 1744
317 831
317 2489
317 1190
317 1596
317 2589
317 1722
317 2222
317 2597
318 1049
318 460
318 1668
318 1831
318 1540
318 1741
318 1206
318 2851
319 705
319 1768
319 1248
319 2741
319 2438
319 2763
319 718
319 1210
320 431
320 2581
320 721
320 791
320 1568
320 2603
320 589
320 301
321 2433
321 620
321 671
321 352
321 1197
321 320
321 1608
321 2776
322 957
322 76
322 898
322 1163
322 952
322 1374
322 37
322 1699
323 555
323 515
323 1418
323 2077
323 2787
323 206
323 2771
323 31
324 811
324 1815
324 2375
324 1260
324 2059
324 1523
324 978
324 2450
325 2214
325 863
325 1327
325 2470
325 2592
325 2272
325 2204
325 1927
326 2243
326 1562
326 757
326 737
326 1167
326 2550
326 560
326 2148
327 2515
327 2313
327 1269
327 93
327 1388
327 1035
327 1729
327 2705
328 591
328 1215
328 1345
328 2020
328 2271
328 1271
328 787
328 1266
329 1576
329 1221
329 155
329 1752
329 1603
329 429
329 1044
329 2125
330 1290
330 1250
330 2825
330 1274
330 2170
330 2404
330 203
330 2031
331 257
331 276
331 133
331 270
331 641
331 885
331 554
331 2783
332 283
332 1065
332 272
332 359
332 1745
332 2265
332 527
332 2058
333 1862
333 1223
333 406
333 762
333 1156
333 953
333 2352
333 336
334 343
334 1765
334 2836
334 1550
334 1205
334 1616
334 2008
334 799
335 1329
335 477
335 888
335 1234
335 2824
335 1617
335 976
335 1128
336 1838
336 2380
336 1189
336 1168
336 2181
336 353
336 544
336 1956
337 2626
337 2088
337 1261
337 277
337 1627
337 614
337 2484
337 864
338 1675
338 1265
338 64
338 693
338 796
338 640
338 606
338 1678
339 2643
339 348
339 120
339 452
339 2645
339 94
339 2514
339 1154
340 162
340 1625
340 1954
340 166
340 1032
340 2660
340 2439
340 635
341 67
341 1508
341 2379
341 43
341 503
341 390
341 205
341 1996
342 2132
342 1424
342 1973
342 577
342 1992
342 1711
342 158
342 2665
343 2394
343 1053
343 1463
343 1229
343 2499
343 835
343 396
343 47
344 1497
344 2316
344 1790
344 1944
344 1931
344 1400
344 1299
344 96
345 1531
345 146
345 83
345 594
345 689
345 1994
345 2074
345 752
346 1536
346 1297
346 1908
346 2766
346 416
346 2878
346 813
346 1749
347 201
347 2234
347 1188
347 2701
347 877
347 377
347 825
347 1753
348 2636
348 2095
348 588
348 1371
348 1671
348 397
348 2276
348 618
349 2184
349 1281
349 605
349 1893
349 2807
349 2490
349 1904
349 2554
350 1203
350 2062
350 256
350 193
350 316
350 1192
350 227
350 1874
351 1059
351 163
351 1357
351 2318
351 1870
351 55
351 1601
351 393
352 775
352 2001
352 2207
352 355
352 1438
352 2197
352 334
352 444
353 330
353 610
353 1300
353 2753
353 2551
353 933
353 1490
353 174
354 2736
354 2833
354 1034
354 2770
354 1640
354 1913
354 45
354 290
355 843
355 2037
355 216
355 2740
355 1024
355 159
355 361
355 1068
356 1622
356 1217
356 539
356 1968
356 2727
356 1606
356 383
356 1057
357 1323
357 72
357 1771
357 920
357 2392
357 1071
357 1620
357 1117
358 458
358 427
358 1004
358 1464
358 2182
358 1062
358 1725
358 1529
359 33
359 1638
359 893
359 285
359 581
359 437
359 2647
359 524
360 90
360 102
360 1981
360 169
360 2635
360 919
360 1135
360 1270
1 5588
1 3863
1 5711
1 4581
1 3026
1 3180
1 3270
1 5074
1 5413
1 4478
1 4068
1 3776
1 3212
1 5049
1 5006
1 5165
2 4449
2 3468
2 3381
2 4254
2 3704
2 4673
2 5470
2 5355
2 4180
2 3249
2 3593
2 5394
2 4097
2 3370
2 3848
2 5604
3 2961
3 3702
3 4442
3 3379
3 3054
3 2920
3 5410
3 5669
3 5629
3 3970
3 4738
3 4892
3 5542
3 3770
3 3146
3 3931
4 5138
4 5716
4 5194
4 5199
4 5442
4 4806
4 5495
4 3424
4 3152
4 5463
4 5037
4 3563
4 5056
4 5234
4 3233
4 3540
5 3183
5 4667
5 3914
5 4903
5 4918
5 3933
5 3684
5 3683
5 5091
5 4498
5 3747
5 5360
5 5673
5 4525
5 4444
5 4891
6 5332
6 3513
6 3443
6 2899
6 4376
6 3434
6 3209
6 5488
6 5745
6 5510
6 3123
6 5606
6 3508
6 5613
6 2933
6 5455
7 3993
7 4775
7 4320
7 5068
7 4435
7 5630
7 4166
7 4540
7 4573
7 3601
7 4248
7 3050
7 3658
7 5465
7 5735
7 5350
8 5122
8 3250
8 4015
8 4746
8 3314
8 4047
8 3514
8 3420
8 4070
8 3326
8 4546
8 4659
8 5445
8 4412
8 3673
8 4767
9 5483
9 4027
9 3746
9 3302
9 5014
9 3126
9 5139
9 3191
9 5349
9 4624
9 5714
9 5222
9 3221
9 2893
9 3219
9 5672
10 4718
10 3043
10 5596
10 3158
10 4193
10 5660
10 3493
10 4103
10 5102
10 5119
10 4661
10 3234
10 4678
10 5724
10 3818
10 5261
11 4446
11 3139
11 4605
11 3093
11 5645
11 4589
11 4269
11 4490
11 5163
11 4567
11 4416
11 4466
11 5195
11 3895
11 5290
11 4789
12 4076
12 5481
12 4707
12 3803
12 3016
12 5508
12 4987
12 3907
12 3343
12 3122
12 3897
12 3726
12 3557
12 3641
12 2903
12 4301
13 4649
13 4316
13 4081
13 3429
13 4413
13 3873
13 4255
13 5364
13 5218
13 5046
13 5531
13 4142
13 4423
13 4094
13 5015
13 5127
14 5242
14 4509
14 4147
14 3786
14 3421
14 4241
14 3722
14 4792
14 3783
14 4460
14 4008
14 3441
14 4004
14 3823
14 4048
14 4303
15 3395
15 5111
15 4603
15 3915
15 4607
15 4881
15 4056
15 3959
15 5610
15 5426
15 4939
15 4395
15 5057
15 3117
15 4639
15 5284
16 4543
16 3634
16 3058
16 4470
16 5155
16 5013
16 3670
16 5241
16 3717
16 4841
16 4134
16 4001
16 4897
16 4351
16 5356
16 3220
17 4679
17 5343
17 3486
17 4747
17 3291
17 5521
17 4064
17 4741
17 4828
17 4920
17 5271
17 5642
17 3556
17 3198
17 3874
17 4002
18 4379
18 3604
18 4326
18 3402
18 3394
18 3541
18 3007
18 4523
18 4213
18 5665
18 4236
18 3560
18 3820
18 5368
18 4677
18 2900
19 5622
19 5105
19 5492
19 4481
19 5340
19 4497
19 3387
19 3856
19 3671
19 3745
19 3976
19 2902
19 3278
19 4969
19 2978
19 4092
20 4493
20 4101
20 3046
20 3403
20 4108
20 5133
20 5437
20 4629
20 4275
20 3227
20 4489
20 3935
20 4684
20 3947
20 5255
20 3018
21 4985
21 4170
21 2924
21 4666
21 3627
21 4252
21 5215
21 5321
21 3373
21 5420
21 3312
21 5641
21 2886
21 5520
21 2993
21 4961
22 3032
22 4023
22 5576
22 3829
22 4766
22 5331
22 4208
22 3538
22 3519
22 4793
22 4418
22 3830
22 3061
22 5647
22 4062
22 5434
23 2922
23 5047
23 5094
23 3478
23 3418
23 4725
23 4182
23 4584
23 4492
23 3164
23 3214
23 3409
23 4073
23 3187
23 3833
23 4547
24 3207
24 3137
24 3675
24 3047
24 4292
24 5196
24 4646
24 3883
24 5180
24 3977
24 5587
24 4537
24 3870
24 3632
24 4000
24 5739
25 3503
25 4151
25 4575
25 4201
25 4674
25 3898
25 3321
25 5236
25 4960
25 4817
25 3810
25 4088
25 3840
25 4042
25 3879
25 5500
26 5365
26 3189
26 5666
26 3798
26 5480
26 3246
26 5265
26 3655
26 5717
26 3750
26 4382
26 4832
26 4345
26 5187
26 5232
26 4437
27 3430
27 3517
27 3552
27 5696
27 5141
27 4302
27 5075
27 5203
27 3275
27 3739
27 3567
27 4628
27 5536
27 5583
27 3010
27 4851
28 3765
28 4310
28 5002
28 3261
28 5399
28 3184
28 5453
28 3453
28 3990
28 3572
28 5033
28 5052
28 5706
28 4797
28 5171
28 4014
29 5035
29 4230
29 3268
29 5376
29 3964
29 4306
29 5591
29 5535
29 5114
29 3910
29 3369
29 4634
29 5188
29 2882
29 3701
29 4750
30 5379
30 3941
30 4402
30 4424
30 3906
30 4796
30 3636
30 2954
30 4346
30 4859
30 4915
30 4557
30 5491
30 4457
30 5637
30 5557
31 5635
31 3917
31 3416
31 4536
31 3415
31 4045
31 3223
31 5700
31 4620
31 4757
31 4780
31 5424
31 4559
31 4901
31 4515
31 4205
32 3549
32 5022
32 4633
32 3386
32 3737
32 3149
32 3841
32 4181
32 4831
32 2977
32 5178
32 4974
32 5408
32 4808
32 3932
32 3689
33 4013
33 2947
33 5393
33 5289
33 3945
33 3035
33 4970
33 4695
33 4458
33 3260
33 5207
33 3732
33 4099
33 3130
33 5678
33 5478
34 3664
34 4387
34 3735
34 4636
34 4773
34 3176
34 4911
34 4999
34 4383
34 3444
34 3576
34 4700
34 3690
34 4627
34 4175
34 4191
35 3088
35 3733
35 5288
35 3489
35 4375
35 4843
35 3262
35 3104
35 3435
35 3554
35 4989
35 5685
35 4149
35 4656
35 4324
35 5688
36 4784
36 3245
36 4837
36 5219
36 5517
36 3566
36 3504
36 4089
36 5758
36 3431
36 4895
36 2937
36 3426
36 2906
36 4853
36 2976
37 3292
37 3667
37 3279
37 5726
37 5388
37 3859
37 4126
37 4582
37 5322
37 5626
37 3974
37 4614
37 5186
37 5563
37 2895
37 2892
38 5267
38 5211
38 4206
38 3045
38 4963
38 3466
38 4586
38 3037
38 4499
38 5619
38 5405
38 3727
38 5010
38 5063
38 3003
38 5264
39 5159
39 3919
39 4111
39 3937
39 4555
39 4078
39 4286
39 5552
39 5417
39 5695
39 3254
39 4630
39 4776
39 5339
39 4355
39 4350
40 4231
40 4898
40 4906
40 5072
40 4869
40 3340
40 4225
40 5598
40 3594
40 4535
40 4522
40 4218
40 3057
40 3614
40 3087
40 5732
41 3657
41 4035
41 3215
41 4420
41 5403
41 4959
41 3871
41 4829
41 4075
41 2988
41 4877
41 3256
41 4742
41 5257
41 3768
41 5558
42 3151
42 2948
42 2927
42 4030
42 3780
42 2994
42 2968
42 4330
42 3570
42 5698
42 5150
42 5140
42 4322
42 3953
42 5436
42 3728
43 3755
43 5582
43 3677
43 3797
43 4744
43 4929
43 4006
43 4168
43 4982
43 3796
43 2943
43 4341
43 3325
43 3330
43 4937
43 4938
44 5227
44 4844
44 5713
44 4602
44 3586
44 5623
44 5185
44 4007
44 4031
44 3350
44 4164
44 4919
44 3391
44 5370
44 5175
44 3259
45 4711
45 5659
45 3543
45 5303
45 5179
45 3367
45 4683
45 3617
45 4979
45 5490
45 3619
45 4922
45 5570
45 4290
45 3518
45 5096
46 4471
46 3030
46 4781
46 4737
46 3305
46 4787
46 4313
46 4421
46 3849
46 4944
46 3598
46 3200
46 3878
46 2983
46 3966
46 5728
47 3971
47 4189
47 5366
47 3013
47 4314
47 4778
47 3218
47 4861
47 3583
47 3553
47 4587
47 3774
47 3338
47 5692
47 4394
47 4426
48 5625
48 4349
48 4703
48 3680
48 3376
48 5213
48 4600
48 5030
48 3633
48 5130
48 5504
48 3650
48 4150
48 4283
48 5661
48 5005
49 5636
49 3842
49 3288
49 4764
49 4085
49 4242
49 3280
49 3196
49 4353
49 5221
49 4686
49 5651
49 4726
49 5643
49 3346
49 5527
50 4194
50 4519
50 3114
50 2898
50 5522
50 4942
50 3952
50 3143
50 2980
50 3355
50 4730
50 3481
50 3880
50 4388
50 4308
50 3983
51 4184
51 4933
51 5694
51 4403
51 3106
51 5392
51 3202
51 4562
51 3392
51 4709
51 3961
51 5062
51 3304
51 3609
51 5567
51 3819
52 4312
52 3987
52 5730
52 3674
52 3779
52 3351
52 5162
52 4272
52 2932
52 5375
52 2939
52 4526
52 2911
52 4136
52 4374
52 5258
53 5085
53 4876
53 3121
53 3271
53 3138
53 3333
53 4022
53 5311
53 5409
53 4654
53 4160
53 3414
53 4689
53 2936
53 5526
53 2918
54 3311
54 2995
54 4293
54 3490
54 3824
54 4143
54 3230
54 2973
54 3433
54 3216
54 3445
54 3455
54 4288
54 4753
54 4152
54 3229
55 3622
55 4698
55 2923
55 4622
55 4438
55 3064
55 5024
55 4694
55 5216
55 3603
55 4813
55 3028
55 5404
55 5687
55 3832
55 5374
56 3884
56 3112
56 4967
56 4468
56 5759
56 5016
56 3034
56 4347
56 5537
56 5027
56 2941
56 4157
56 4949
56 4116
56 3605
56 3399
57 3569
57 4010
57 4585
57 3928
57 4284
57 4307
57 3854
57 3694
57 3053
57 4986
57 5498
57 4274
57 4803
57 5061
57 4009
57 5320
58 5611
58 4260
58 2962
58 4019
58 3021
58 5751
58 5384
58 5639
58 4965
58 3706
58 5670
58 3124
58 4177
58 3385
58 4517
58 3580
59 4069
59 4299
59 5004
59 3533
59 5511
59 5646
59 4360
59 2957
59 3083
59 3938
59 5286
59 5230
59 5565
59 5421
59 4782
59 5183
60 3483
60 3975
60 4936
60 4072
60 2938
60 2916
60 5250
60 2985
60 3742
60 2963
60 4932
60 4759
60 3743
60 3235
60 5028
60 3181
61 4599
61 3734
61 3637
61 5328
61 3828
61 3111
61 3965
61 3909
61 3066
61 5720
61 4083
61 3967
61 5066
61 3071
61 5456
61 4176
62 4579
62 2992
62 5167
62 3217
62 2912
62 5034
62 5296
62 5239
62 5556
62 5742
62 5323
62 4805
62 3766
62 5291
62 5093
62 3147
63 4378
63 3620
63 3170
63 3901
63 5543
63 5262
63 4084
63 2986
63 4945
63 5137
63 2958
63 3613
63 5359
63 5031
63 5632
63 5671
64 2914
64 4390
64 3027
64 4696
64 4570
64 2964
64 4128
64 3019
64 4818
64 3536
64 5263
64 3201
64 4722
64 4655
64 3894
64 3500
65 3324
65 3085
65 2952
65 4731
65 4161
65 5719
65 5631
65 4875
65 4171
65 4528
65 5468
65 4721
65 3078
65 3846
65 5040
65 3407
66 3649
66 3973
66 4795
66 4463
66 3814
66 3825
66 5513
66 5123
66 4977
66 4873
66 3527
66 5743
66 5118
66 3986
66 4996
66 4751
67 4243
67 3063
67 3676
67 4046
67 4188
67 4991
67 3944
67 5147
67 5082
67 4443
67 4131
67 4802
67 3998
67 3009
67 4074
67 5727
68 4331
68 3182
68 5000
68 3509
68 3322
68 4430
68 5041
68 3417
68 4104
68 3068
68 4223
68 3175
68 3565
68 3836
68 5157
68 3452
69 4377
69 3454
69 3334
69 2940
69 5287
69 4538
69 4095
69 3401
69 4265
69 4693
69 4993
69 4964
69 4995
69 4093
69 3360
69 3718
70 4190
70 3499
70 5593
70 5501
70 4370
70 5473
70 3328
70 3076
70 3693
70 4291
70 3072
70 3790
70 3665
70 5516
70 2979
70 4123
71 5100
71 3628
71 3425
71 4148
71 5346
71 4988
71 4847
71 4079
71 3042
71 4469
71 5113
71 4294
71 5237
71 4408
71 5045
71 5467
72 5532
72 4500
72 5252
72 3501
72 4297
72 4811
72 5452
72 3520
72 3787
72 4445
72 4621
72 3243
72 3691
72 5400
72 3315
72 5664
73 3134
73 4197
73 4601
73 5428
73 3378
73 5411
73 4923
73 3596
73 3899
73 3096
73 5189
73 4229
73 4763
73 5348
73 3988
73 3419
74 3545
74 2981
74 3056
74 3924
74 3348
74 3771
74 3335
74 3529
74 3206
74 4461
74 4032
74 5097
74 4054
74 5472
74 4821
74 5042
75 3273
75 3985
75 4816
75 4005
75 5198
75 5429
75 3524
75 5572
75 3956
75 4198
75 4856
75 3159
75 4865
75 5342
75 4669
75 3005
76 5569
76 5055
76 5385
76 4884
76 3720
76 3285
76 5281
76 3686
76 3815
76 3225
76 3731
76 3784
76 4941
76 4407
76 5067
76 3132
77 4981
77 5229
77 4003
77 5308
77 5627
77 4321
77 3857
77 2982
77 4635
77 3920
77 4997
77 3025
77 4842
77 5439
77 4704
77 5497
78 5142
78 4037
78 4247
78 3851
78 5190
78 2997
78 3077
78 3439
78 3079
78 4756
78 2897
78 3785
78 3141
78 3698
78 4975
78 5325
79 4384
79 3951
79 5069
79 3793
79 3652
79 3615
79 3192
79 5738
79 3781
79 5317
79 4714
79 4946
79 4146
79 3844
79 3213
79 4713
80 3377
80 4688
80 4641
80 3105
80 3450
80 3226
80 3678
80 5435
80 5316
80 4183
80 4822
80 5406
80 4894
80 5228
80 5701
80 4271
81 4752
81 4367
81 3955
81 5174
81 3161
81 3389
81 3477
81 4494
81 3185
81 5124
81 4952
81 5464
81 5485
81 4675
81 3354
81 3205
82 4893
82 4845
82 3669
82 2931
82 3169
82 2965
82 5402
82 4631
82 3089
82 3113
82 5182
82 4452
82 3865
82 4886
82 5733
82 3080
83 3174
83 5407
83 5725
83 3960
83 4179
83 3186
83 3127
83 5657
83 3875
83 3954
83 3265
83 3626
83 5447
83 4305
83 4681
83 4815
84 3522
84 2974
84 5476
84 5746
84 4870
84 3595
84 4827
84 3886
84 5586
84 4354
84 3228
84 4060
84 3190
84 4590
84 4556
84 3396
85 4209
85 4798
85 3248
85 3442
85 4359
85 4240
85 5209
85 5008
85 5589
85 3474
85 3383
85 3643
85 5131
85 3244
85 3110
85 4852
86 4226
86 5278
86 3539
86 4868
86 4204
86 3469
86 5312
86 3491
86 4664
86 4563
86 4724
86 5616
86 5617
86 4270
86 4110
86 2972
87 3380
87 4771
87 5051
87 3903
87 4021
87 3012
87 3282
87 4025
87 4451
87 4107
87 3465
87 4102
87 5032
87 5423
87 4823
87 4561
88 4262
88 3166
88 5601
88 4826
88 4114
88 3760
88 3799
88 5121
88 4169
88 3458
88 5559
88 3092
88 4552
88 4167
88 5285
88 5224
89 4692
89 4790
89 3091
89 4503
89 5644
89 3623
89 5547
89 4779
89 4165
89 3646
89 5431
89 3696
89 5667
89 3679
89 3809
89 3116
90 4112
90 3992
90 4660
90 3839
90 4769
90 3926
90 3470
90 4663
90 4251
90 5401
90 4124
90 3506
90 3995
90 4510
90 3535
90 4539
91 5369
91 5214
91 4495
91 3044
91 3263
91 4186
91 3913
91 4077
91 4237
91 3368
91 4560
91 4253
91 4701
91 5414
91 3751
91 5168
92 4071
92 3918
92 3663
92 4966
92 3494
92 4049
92 4930
92 5648
92 5095
92 3405
92 4520
92 3204
92 4033
92 4214
92 5160
92 4296
93 5707
93 5302
93 3564
93 3789
93 4432
93 4125
93 3427
93 4760
93 4132
93 3950
93 3968
93 5705
93 5029
93 5710
93 4244
93 5443
94 5164
94 4371
94 5682
94 3530
94 4544
94 2934
94 5087
94 4719
94 4090
94 3893
94 5154
94 4878
94 2990
94 4028
94 3660
94 5548
95 3357
95 4913
95 3550
95 4697
95 5448
95 3555
95 4883
95 3390
95 3432
95 3562
95 3946
95 4040
95 4472
95 4597
95 4401
95 5256
96 5496
96 3600
96 2891
96 4393
96 3754
96 5555
96 5327
96 2896
96 3102
96 5158
96 4339
96 5145
96 3084
96 4728
96 3668
96 5668
97 3155
97 4155
97 4273
97 4501
97 5225
97 5177
97 5715
97 3193
97 4224
97 3150
97 2887
97 4342
97 4058
97 4931
97 3437
97 3144
98 2998
98 4441
98 3388
98 4593
98 4642
98 3118
98 5577
98 4233
98 5475
98 3888
98 3685
98 4640
98 3136
98 3492
98 2925
98 4839
99 4174
99 5551
99 4595
99 4533
99 3297
99 3318
99 2950
99 4311
99 5345
99 4578
99 3827
99 3758
99 5299
99 4325
99 3258
99 3276
100 5326
100 4195
100 5515
100 5090
100 3631
100 4239
100 4648
100 3266
100 4512
100 5681
100 5441
100 4610
100 4356
100 3999
100 5530
100 5482
101 4643
101 5674
101 5070
101 4835
101 4755
101 3804
101 2946
101 3337
101 4317
101 5206
101 4819
101 3958
101 4928
101 5132
101 3456
101 4576
102 4417
102 4067
102 3463
102 4318
102 3978
102 2935
102 3451
102 5460
102 5564
102 4336
102 4212
102 3831
102 4141
102 5581
102 4855
102 3821
103 5529
103 5060
103 4304
103 3929
103 3323
103 3908
103 5081
103 4217
103 5240
103 5750
103 3339
103 5466
103 3934
103 4061
103 3516
103 4925
104 5690
104 5595
104 3642
104 4615
104 5129
104 3979
104 2890
104 5432
104 5679
104 5561
104 5223
104 2889
104 4428
104 3283
104 3178
104 4801
105 3661
105 3864
105 4583
105 3707
105 4332
105 4433
105 5126
105 3930
105 4957
105 5143
105 4902
105 3662
105 4335
105 3238
105 3253
105 5592
106 2989
106 5740
106 5553
106 2969
106 5597
106 4465
106 3725
106 3713
106 3252
106 3882
106 3736
106 2881
106 3925
106 3171
106 4034
106 4908
107 4820
107 5608
107 2919
107 4626
107 5344
107 4717
107 3807
107 5270
107 5686
107 4611
107 5001
107 4406
107 5729
107 4178
107 5347
107 3107
108 3921
108 4364
108 5338
108 3943
108 3316
108 4268
108 4740
108 5578
108 3165
108 4571
108 3654
108 4951
108 4106
108 3813
108 4867
108 2975
109 4572
109 3298
109 5590
109 5741
109 3716
109 3109
109 3630
109 5038
109 4140
109 4532
109 5220
109 5378
109 5584
109 3210
109 4298
109 3365
110 4012
110 3764
110 5202
110 4914
110 3224
110 3712
110 3384
110 4834
110 3866
110 4777
110 5585
110 4238
110 5603
110 5754
110 3891
110 4368
111 3581
111 5446
111 3495
111 4220
111 5721
111 4480
111 2888
111 5298
111 4814
111 3363
111 5026
111 5243
111 4687
111 3033
111 2930
111 4900
112 4514
112 3575
112 3872
112 3730
112 4921
112 4857
112 5704
112 5247
112 5760
112 4947
112 5484
112 4361
112 3160
112 3375
112 4706
112 3817
113 4810
113 5397
113 4334
113 4943
113 5169
113 4976
113 4749
113 4410
113 4340
113 5540
113 5103
113 3547
113 3584
113 5546
113 3277
113 5412
114 4057
114 3011
114 2929
114 3625
114 4665
114 4632
114 3729
114 3440
114 4109
114 4542
114 3154
114 5416
114 4434
114 4315
114 5208
114 4506
115 3173
115 4082
115 4882
115 3512
115 5702
115 3406
115 5389
115 4096
115 2967
115 3949
115 3203
115 3049
115 4984
115 5545
115 4289
115 5747
116 4879
116 4566
116 3782
116 4249
116 3467
116 4404
116 2944
116 4541
116 5757
116 4118
116 5612
116 4129
116 3996
116 3957
116 4507
116 4366
117 4554
117 3590
117 3309
117 4381
117 4799
117 2991
117 3065
117 5053
117 4637
117 4890
117 5166
117 4439
117 5210
117 4791
117 3197
117 3462
118 5300
118 3255
118 5566
118 5266
118 3294
118 4591
118 4950
118 3125
118 4972
118 4333
118 4016
118 4880
118 5494
118 5461
118 5065
118 4137
119 5104
119 4800
119 3532
119 5282
119 4830
119 3299
119 3773
119 5684
119 2956
119 3681
119 3982
119 3695
119 4905
119 3498
119 2960
119 5373
120 4948
120 4120
120 4502
120 4994
120 4018
120 5525
120 5128
120 4889
120 5419
120 4419
120 2959
120 4953
120 3301
120 4743
120 4657
120 2999
121 3300
121 3156
121 3031
121 4712
121 3577
121 5633
121 5737
121 4785
121 4899
121 4386
121 4912
121 5703
121 5653
121 5184
121 4162
121 4874
122 5736
122 3640
122 3711
122 3845
122 3115
122 4598
122 5268
122 3868
122 3310
122 4440
122 4117
122 4187
122 2953
122 3645
122 4551
122 3697
123 3791
123 4619
123 3446
123 3284
123 4259
123 4549
123 4011
123 5235
123 4278
123 3812
123 4086
123 3991
123 5459
123 3488
123 3257
123 3272
124 3287
124 3480
124 4715
124 3795
124 3853
124 4854
124 5205
124 5539
124 3006
124 3051
124 5295
124 3710
124 4836
124 5020
124 3179
124 3916
125 5755
125 3719
125 3308
125 4765
125 3502
125 2949
125 4685
125 2894
125 4282
125 3199
125 3449
125 5170
125 3393
125 4235
125 5658
125 4279
126 4221
126 4871
126 5172
126 4516
126 3905
126 3236
126 3002
126 3858
126 4729
126 3296
126 3267
126 3040
126 4159
126 4261
126 3847
126 3589
127 5618
127 4210
127 3869
127 5318
127 3082
127 5722
127 2942
127 5003
127 4530
127 4276
127 3802
127 4450
127 3606
127 5371
127 4200
127 5528
128 3911
128 4863
128 3342
128 4866
128 5297
128 3482
128 4672
128 5333
128 5078
128 3558
128 5071
128 3835
128 4227
128 5479
128 4668
128 3861
129 3806
129 5487
129 2917
129 5506
129 4454
129 4138
129 3097
129 2984
129 3687
129 4357
129 5454
129 3738
129 4411
129 3135
129 5395
129 3074
130 3358
130 3320
130 3644
130 5560
130 4038
130 5676
130 4476
130 4917
130 5382
130 4553
130 3638
130 4026
130 5021
130 3289
130 4645
130 5534
131 3108
131 5036
131 3548
131 5306
131 4708
131 4483
131 5329
131 5718
131 3515
131 4727
131 5292
131 4968
131 5650
131 4338
131 5336
131 3900
132 3242
132 4464
132 3471
132 3475
132 4154
132 4405
132 5662
132 5079
132 4327
132 4534
132 3599
132 3763
132 5251
132 5280
132 3359
132 3890
133 5620
133 3659
133 3319
133 4671
133 5493
133 3274
133 5549
133 5380
133 5519
133 3410
133 4702
133 5444
133 5602
133 3362
133 4473
133 5709
134 4720
134 3629
134 3981
134 3067
134 3749
134 2907
134 3286
134 4373
134 4363
134 5396
134 3980
134 2921
134 5109
134 4277
134 5337
134 4504
135 4569
135 4940
135 3682
135 5275
135 4762
135 3850
135 4527
135 5524
135 4256
135 3062
135 4250
135 4998
135 3211
135 5609
135 5324
135 3237
136 5245
136 4343
136 4513
136 4736
136 4486
136 4185
136 4761
136 4638
136 3128
136 3748
136 4055
136 3585
136 5084
136 4651
136 4872
136 3896
137 5254
137 5151
137 4910
137 4348
137 3922
137 4565
137 4115
137 3521
137 5058
137 4745
137 4734
137 3902
137 3041
137 5752
137 2971
137 3484
138 5086
138 4491
138 3001
138 3364
138 5011
138 2996
138 3167
138 5544
138 5305
138 3822
138 3371
138 4783
138 5533
138 4100
138 5509
138 3060
139 3039
139 5044
139 5181
139 3251
139 4409
139 5048
139 5019
139 4612
139 3347
139 4474
139 5098
139 4596
139 4267
139 5693
139 4156
139 5201
140 4036
140 4436
140 5341
140 5689
140 2884
140 4219
140 5009
140 5226
140 3094
140 4485
140 3885
140 5313
140 5398
140 4904
140 3295
140 4448
141 3472
141 3511
141 4246
141 3129
141 4616
141 4043
141 5377
141 4524
141 4385
141 4608
141 4896
141 5092
141 5153
141 3568
141 4398
141 4846
142 2883
142 3307
142 4063
142 2955
142 3877
142 3714
142 4389
142 5080
142 4955
142 3081
142 4487
142 4618
142 4066
142 2913
142 4484
142 5499
143 4287
143 4362
143 4091
143 3264
143 3912
143 4232
143 4087
143 5330
143 3537
143 4710
143 5315
143 3341
143 3098
143 4768
143 5212
143 4467
144 5503
144 5680
144 4263
144 4479
144 3834
144 3775
144 4733
144 4864
144 5088
144 5691
144 2905
144 5192
144 4505
144 3457
144 4838
144 3240
145 3571
145 4954
145 3317
145 5367
145 3075
145 5614
145 4211
145 3423
145 3408
145 5017
145 3436
145 4215
145 3008
145 4934
145 3303
145 3756
146 4825
146 5260
146 5018
146 5148
146 4732
146 5173
146 3936
146 3036
146 3826
146 4807
146 3843
146 4144
146 3464
146 4399
146 3022
146 4414
147 3808
147 4285
147 3592
147 5363
147 4172
147 5108
147 4080
147 5477
147 5415
147 3172
147 3757
147 5440
147 3345
147 3526
147 4508
147 4511
148 5383
148 4192
148 3653
148 3892
148 3153
148 5634
148 5753
148 4391
148 4135
148 3705
148 4065
148 5430
148 4754
148 2966
148 3528
148 4456
149 4924
149 3023
149 3505
149 3048
149 3559
149 4488
149 3496
149 4203
149 4927
149 4971
149 5152
149 3611
149 4281
149 4849
149 2901
149 5101
150 4699
150 3666
150 3805
150 4477
150 3624
150 5146
150 5390
150 5628
150 5573
150 4662
150 5605
150 5599
150 5269
150 4962
150 5471
150 5023
151 3860
151 4482
151 5502
151 3656
151 4196
151 3438
151 5427
151 3588
151 3753
151 4548
151 4309
151 3561
151 3591
151 5624
151 5272
151 5244
152 3188
152 3476
152 3721
152 5677
152 3762
152 3525
152 5089
152 4496
152 3487
152 4748
152 3602
152 3222
152 4475
152 5507
152 5276
152 5734
153 4758
153 4207
153 3157
153 3404
153 4119
153 3816
153 5050
153 4127
153 4462
153 5361
153 4723
153 3551
153 3162
153 5351
153 3460
153 3099
154 3070
154 3573
154 4122
154 4427
154 3142
154 4592
154 4907
154 4609
154 3904
154 3582
154 4352
154 5656
154 5474
154 5310
154 4531
154 4804
155 4145
155 4400
155 4833
155 5115
155 3397
155 5134
155 5568
155 4039
155 5438
155 5077
155 4245
155 5043
155 5748
155 5433
155 4044
155 3485
156 3700
156 4885
156 3015
156 5575
156 5144
156 4017
156 4425
156 5683
156 4735
156 3461
156 5274
156 4887
156 4772
156 3597
156 5512
156 4041
157 4670
157 3788
157 3523
157 3724
157 5387
157 3940
157 3767
157 5231
157 3332
157 5749
157 4983
157 5283
157 5007
157 5259
157 3313
157 3769
158 5193
158 4973
158 5083
158 3616
158 5073
158 4518
158 3984
158 3290
158 3876
158 2926
158 4774
158 3133
158 3579
158 3997
158 3374
158 5156
159 5571
159 4199
159 5358
159 4447
159 3352
159 5699
159 3344
159 3881
159 4650
159 2970
159 3777
159 4329
159 3939
159 3329
159 5110
159 3838
160 5253
160 4163
160 3542
160 2945
160 5708
160 3610
160 4020
160 5372
160 5418
160 4858
160 4300
160 4266
160 3372
160 3608
160 3412
160 4295
161 3923
161 2915
161 3131
161 3531
161 2951
161 4992
161 3741
161 4392
161 5712
161 3398
161 3059
161 3612
161 3366
161 4328
161 4958
161 4564
162 3020
162 5362
162 4680
162 4050
162 3621
162 3688
162 3479
162 4690
162 4980
162 3168
162 5600
162 3447
162 4158
162 5462
162 4173
162 2909
163 4574
163 3618
163 3473
163 5550
163 4105
163 5425
163 5064
163 2904
163 3794
163 4257
163 4647
163 5135
163 4850
163 4052
163 5025
163 4786
164 5217
164 4604
164 4812
164 5116
164 4840
164 5523
164 5381
164 5518
164 3651
164 5652
164 4258
164 3759
164 3972
164 3744
164 5039
164 3647
165 3119
165 4130
165 3194
165 4550
165 3772
165 4676
165 4617
165 3507
165 4431
165 4862
165 4529
165 5277
165 5107
165 3428
165 3052
165 3208
166 3195
166 3014
166 3778
166 5112
166 4705
166 5638
166 5334
166 3293
166 5649
166 3382
166 5238
166 3281
166 5731
166 2928
166 5353
166 4691
167 4228
167 5246
167 3356
167 3361
167 4029
167 3103
167 4788
167 4909
167 4658
167 5554
167 5449
167 5301
167 5279
167 3232
167 4369
167 3703
168 3811
168 3699
168 5486
168 3692
168 3648
168 3000
168 3497
168 3801
168 4990
168 5352
168 3889
168 5640
168 3148
168 4098
168 3231
168 3090
169 3163
169 5458
169 4059
169 4824
169 5204
169 4222
169 5357
169 5354
169 3349
169 4139
169 4568
169 5451
169 3723
169 3578
169 3544
169 2910
170 3761
170 5136
170 2885
170 5607
170 5386
170 4051
170 5233
170 4588
170 5574
170 4926
170 3574
170 3086
170 5125
170 5273
170 4358
170 3607
171 3029
171 5197
171 3672
171 5422
171 4644
171 3073
171 4372
171 5654
171 4577
171 5176
171 2908
171 4848
171 3887
171 3837
171 2987
171 4558
172 5304
172 4133
172 4422
172 4652
172 3708
172 3100
172 4380
172 4580
172 3140
172 5579
172 4429
172 4860
172 5054
172 5099
172 4453
172 4264
173 3948
173 3145
173 3069
173 5505
173 5309
173 4344
173 3709
173 4234
173 5335
173 5391
173 5723
173 3963
173 5541
173 4794
173 3400
173 4739
174 5580
174 3095
174 3740
174 5615
174 5469
174 5450
174 5697
174 4337
174 4613
174 3994
174 4459
174 5161
174 3306
174 5594
174 4319
174 4606
175 3055
175 4280
175 3120
175 3422
175 4365
175 3534
175 4323
175 4623
175 3942
175 4024
175 5457
175 5663
175 3247
175 5744
175 3635
175 5319
176 3969
176 5248
176 4625
176 5294
176 3800
176 4809
176 3855
176 3715
176 5562
176 5489
176 4594
176 3752
176 3327
176 3038
176 4935
176 3867
177 4396
177 4682
177 4888
177 4770
177 3413
177 3024
177 5249
177 3510
177 4202
177 3269
177 4653
177 3101
177 4956
177 4113
177 3587
177 4716
178 3546
178 3862
178 4978
178 5149
178 3852
178 3177
178 5293
178 5538
178 5314
178 3927
178 5012
178 4455
178 4216
178 3353
178 5059
178 4153
179 3459
179 5120
179 3792
179 5307
179 4545
179 3448
179 5191
179 3239
179 5200
179 5756
179 5514
179 5117
179 3017
179 5675
179 3241
179 3639
180 3336
180 4121
180 5106
180 5621
180 4397
180 3004
180 4521
180 4916
180 3962
180 5655
180 4415
180 3331
180 4053
180 3989
180 5076
180 3411
