0 3 
192 360 
15 8 
1 1
1 2
1 3
1 4
1 5
1 6
1 7
1 8
1 9
1 10
1 11
1 12
1 13
1 14
1 15
2 16
2 17
2 18
2 19
2 20
2 21
2 22
2 23
2 24
2 25
2 26
2 27
2 28
2 29
2 30
3 31
3 32
3 33
3 34
3 35
3 36
3 37
3 38
3 39
3 40
3 41
3 42
3 43
3 44
3 45
4 46
4 47
4 48
4 49
4 50
4 51
4 52
4 53
4 54
4 55
4 56
4 57
4 58
4 59
4 60
5 61
5 62
5 63
5 64
5 65
5 66
5 67
5 68
5 69
5 70
5 71
5 72
5 73
5 74
5 75
6 76
6 77
6 78
6 79
6 80
6 81
6 82
6 83
6 84
6 85
6 86
6 87
6 88
6 89
6 90
7 91
7 92
7 93
7 94
7 95
7 96
7 97
7 98
7 99
7 100
7 101
7 102
7 103
7 104
7 105
8 106
8 107
8 108
8 109
8 110
8 111
8 112
8 113
8 114
8 115
8 116
8 117
8 118
8 119
8 120
9 121
9 122
9 123
9 124
9 125
9 126
9 127
9 128
9 129
9 130
9 131
9 132
9 133
9 134
9 135
10 136
10 137
10 138
10 139
10 140
10 141
10 142
10 143
10 144
10 145
10 146
10 147
10 148
10 149
10 150
11 151
11 152
11 153
11 154
11 155
11 156
11 157
11 158
11 159
11 160
11 161
11 162
11 163
11 164
11 165
12 166
12 167
12 168
12 169
12 170
12 171
12 172
12 173
12 174
12 175
12 176
12 177
12 178
12 179
12 180
13 181
13 182
13 183
13 184
13 185
13 186
13 187
13 188
13 189
13 190
13 191
13 192
13 193
13 194
13 195
14 196
14 197
14 198
14 199
14 200
14 201
14 202
14 203
14 204
14 205
14 206
14 207
14 208
14 209
14 210
15 211
15 212
15 213
15 214
15 215
15 216
15 217
15 218
15 219
15 220
15 221
15 222
15 223
15 224
15 225
16 226
16 227
16 228
16 229
16 230
16 231
16 232
16 233
16 234
16 235
16 236
16 237
16 238
16 239
16 240
17 241
17 242
17 243
17 244
17 245
17 246
17 247
17 248
17 249
17 250
17 251
17 252
17 253
17 254
17 255
18 256
18 257
18 258
18 259
18 260
18 261
18 262
18 263
18 264
18 265
18 266
18 267
18 268
18 269
18 270
19 271
19 272
19 273
19 274
19 275
19 276
19 277
19 278
19 279
19 280
19 281
19 282
19 283
19 284
19 285
20 286
20 287
20 288
20 289
20 290
20 291
20 292
20 293
20 294
20 295
20 296
20 297
20 298
20 299
20 300
21 301
21 302
21 303
21 304
21 305
21 306
21 307
21 308
21 309
21 310
21 311
21 312
21 313
21 314
21 315
22 316
22 317
22 318
22 319
22 320
22 321
22 322
22 323
22 324
22 325
22 326
22 327
22 328
22 329
22 330
23 331
23 332
23 333
23 334
23 335
23 336
23 337
23 338
23 339
23 340
23 341
23 342
23 343
23 344
23 345
24 346
24 347
24 348
24 349
24 350
24 351
24 352
24 353
24 354
24 355
24 356
24 357
24 358
24 359
24 360
25 361
25 362
25 363
25 364
25 365
25 366
25 367
25 368
25 369
25 370
25 371
25 372
25 373
25 374
25 375
26 376
26 377
26 378
26 379
26 380
26 381
26 382
26 383
26 384
26 385
26 386
26 387
26 388
26 389
26 390
27 391
27 392
27 393
27 394
27 395
27 396
27 397
27 398
27 399
27 400
27 401
27 402
27 403
27 404
27 405
28 406
28 407
28 408
28 409
28 410
28 411
28 412
28 413
28 414
28 415
28 416
28 417
28 418
28 419
28 420
29 421
29 422
29 423
29 424
29 425
29 426
29 427
29 428
29 429
29 430
29 431
29 432
29 433
29 434
29 435
30 436
30 437
30 438
30 439
30 440
30 441
30 442
30 443
30 444
30 445
30 446
30 447
30 448
30 449
30 450
31 451
31 452
31 453
31 454
31 455
31 456
31 457
31 458
31 459
31 460
31 461
31 462
31 463
31 464
31 465
32 466
32 467
32 468
32 469
32 470
32 471
32 472
32 473
32 474
32 475
32 476
32 477
32 478
32 479
32 480
33 481
33 482
33 483
33 484
33 485
33 486
33 487
33 488
33 489
33 490
33 491
33 492
33 493
33 494
33 495
34 496
34 497
34 498
34 499
34 500
34 501
34 502
34 503
34 504
34 505
34 506
34 507
34 508
34 509
34 510
35 511
35 512
35 513
35 514
35 515
35 516
35 517
35 518
35 519
35 520
35 521
35 522
35 523
35 524
35 525
36 526
36 527
36 528
36 529
36 530
36 531
36 532
36 533
36 534
36 535
36 536
36 537
36 538
36 539
36 540
37 541
37 542
37 543
37 544
37 545
37 546
37 547
37 548
37 549
37 550
37 551
37 552
37 553
37 554
37 555
38 556
38 557
38 558
38 559
38 560
38 561
38 562
38 563
38 564
38 565
38 566
38 567
38 568
38 569
38 570
39 571
39 572
39 573
39 574
39 575
39 576
39 577
39 578
39 579
39 580
39 581
39 582
39 583
39 584
39 585
40 586
40 587
40 588
40 589
40 590
40 591
40 592
40 593
40 594
40 595
40 596
40 597
40 598
40 599
40 600
41 601
41 602
41 603
41 604
41 605
41 606
41 607
41 608
41 609
41 610
41 611
41 612
41 613
41 614
41 615
42 616
42 617
42 618
42 619
42 620
42 621
42 622
42 623
42 624
42 625
42 626
42 627
42 628
42 629
42 630
43 631
43 632
43 633
43 634
43 635
43 636
43 637
43 638
43 639
43 640
43 641
43 642
43 643
43 644
43 645
44 646
44 647
44 648
44 649
44 650
44 651
44 652
44 653
44 654
44 655
44 656
44 657
44 658
44 659
44 660
45 661
45 662
45 663
45 664
45 665
45 666
45 667
45 668
45 669
45 670
45 671
45 672
45 673
45 674
45 675
46 676
46 677
46 678
46 679
46 680
46 681
46 682
46 683
46 684
46 685
46 686
46 687
46 688
46 689
46 690
47 691
47 692
47 693
47 694
47 695
47 696
47 697
47 698
47 699
47 700
47 701
47 702
47 703
47 704
47 705
48 706
48 707
48 708
48 709
48 710
48 711
48 712
48 713
48 714
48 715
48 716
48 717
48 718
48 719
48 720
49 721
49 722
49 723
49 724
49 725
49 726
49 727
49 728
49 729
49 730
49 731
49 732
49 733
49 734
49 735
50 736
50 737
50 738
50 739
50 740
50 741
50 742
50 743
50 744
50 745
50 746
50 747
50 748
50 749
50 750
51 751
51 752
51 753
51 754
51 755
51 756
51 757
51 758
51 759
51 760
51 761
51 762
51 763
51 764
51 765
52 766
52 767
52 768
52 769
52 770
52 771
52 772
52 773
52 774
52 775
52 776
52 777
52 778
52 779
52 780
53 781
53 782
53 783
53 784
53 785
53 786
53 787
53 788
53 789
53 790
53 791
53 792
53 793
53 794
53 795
54 796
54 797
54 798
54 799
54 800
54 801
54 802
54 803
54 804
54 805
54 806
54 807
54 808
54 809
54 810
55 811
55 812
55 813
55 814
55 815
55 816
55 817
55 818
55 819
55 820
55 821
55 822
55 823
55 824
55 825
56 826
56 827
56 828
56 829
56 830
56 831
56 832
56 833
56 834
56 835
56 836
56 837
56 838
56 839
56 840
57 841
57 842
57 843
57 844
57 845
57 846
57 847
57 848
57 849
57 850
57 851
57 852
57 853
57 854
57 855
58 856
58 857
58 858
58 859
58 860
58 861
58 862
58 863
58 864
58 865
58 866
58 867
58 868
58 869
58 870
59 871
59 872
59 873
59 874
59 875
59 876
59 877
59 878
59 879
59 880
59 881
59 882
59 883
59 884
59 885
60 886
60 887
60 888
60 889
60 890
60 891
60 892
60 893
60 894
60 895
60 896
60 897
60 898
60 899
60 900
61 901
61 902
61 903
61 904
61 905
61 906
61 907
61 908
61 909
61 910
61 911
61 912
61 913
61 914
61 915
62 916
62 917
62 918
62 919
62 920
62 921
62 922
62 923
62 924
62 925
62 926
62 927
62 928
62 929
62 930
63 931
63 932
63 933
63 934
63 935
63 936
63 937
63 938
63 939
63 940
63 941
63 942
63 943
63 944
63 945
64 946
64 947
64 948
64 949
64 950
64 951
64 952
64 953
64 954
64 955
64 956
64 957
64 958
64 959
64 960
65 961
65 962
65 963
65 964
65 965
65 966
65 967
65 968
65 969
65 970
65 971
65 972
65 973
65 974
65 975
66 976
66 977
66 978
66 979
66 980
66 981
66 982
66 983
66 984
66 985
66 986
66 987
66 988
66 989
66 990
67 991
67 992
67 993
67 994
67 995
67 996
67 997
67 998
67 999
67 1000
67 1001
67 1002
67 1003
67 1004
67 1005
68 1006
68 1007
68 1008
68 1009
68 1010
68 1011
68 1012
68 1013
68 1014
68 1015
68 1016
68 1017
68 1018
68 1019
68 1020
69 1021
69 1022
69 1023
69 1024
69 1025
69 1026
69 1027
69 1028
69 1029
69 1030
69 1031
69 1032
69 1033
69 1034
69 1035
70 1036
70 1037
70 1038
70 1039
70 1040
70 1041
70 1042
70 1043
70 1044
70 1045
70 1046
70 1047
70 1048
70 1049
70 1050
71 1051
71 1052
71 1053
71 1054
71 1055
71 1056
71 1057
71 1058
71 1059
71 1060
71 1061
71 1062
71 1063
71 1064
71 1065
72 1066
72 1067
72 1068
72 1069
72 1070
72 1071
72 1072
72 1073
72 1074
72 1075
72 1076
72 1077
72 1078
72 1079
72 1080
73 1081
73 1082
73 1083
73 1084
73 1085
73 1086
73 1087
73 1088
73 1089
73 1090
73 1091
73 1092
73 1093
73 1094
73 1095
74 1096
74 1097
74 1098
74 1099
74 1100
74 1101
74 1102
74 1103
74 1104
74 1105
74 1106
74 1107
74 1108
74 1109
74 1110
75 1111
75 1112
75 1113
75 1114
75 1115
75 1116
75 1117
75 1118
75 1119
75 1120
75 1121
75 1122
75 1123
75 1124
75 1125
76 1126
76 1127
76 1128
76 1129
76 1130
76 1131
76 1132
76 1133
76 1134
76 1135
76 1136
76 1137
76 1138
76 1139
76 1140
77 1141
77 1142
77 1143
77 1144
77 1145
77 1146
77 1147
77 1148
77 1149
77 1150
77 1151
77 1152
77 1153
77 1154
77 1155
78 1156
78 1157
78 1158
78 1159
78 1160
78 1161
78 1162
78 1163
78 1164
78 1165
78 1166
78 1167
78 1168
78 1169
78 1170
79 1171
79 1172
79 1173
79 1174
79 1175
79 1176
79 1177
79 1178
79 1179
79 1180
79 1181
79 1182
79 1183
79 1184
79 1185
80 1186
80 1187
80 1188
80 1189
80 1190
80 1191
80 1192
80 1193
80 1194
80 1195
80 1196
80 1197
80 1198
80 1199
80 1200
81 1201
81 1202
81 1203
81 1204
81 1205
81 1206
81 1207
81 1208
81 1209
81 1210
81 1211
81 1212
81 1213
81 1214
81 1215
82 1216
82 1217
82 1218
82 1219
82 1220
82 1221
82 1222
82 1223
82 1224
82 1225
82 1226
82 1227
82 1228
82 1229
82 1230
83 1231
83 1232
83 1233
83 1234
83 1235
83 1236
83 1237
83 1238
83 1239
83 1240
83 1241
83 1242
83 1243
83 1244
83 1245
84 1246
84 1247
84 1248
84 1249
84 1250
84 1251
84 1252
84 1253
84 1254
84 1255
84 1256
84 1257
84 1258
84 1259
84 1260
85 1261
85 1262
85 1263
85 1264
85 1265
85 1266
85 1267
85 1268
85 1269
85 1270
85 1271
85 1272
85 1273
85 1274
85 1275
86 1276
86 1277
86 1278
86 1279
86 1280
86 1281
86 1282
86 1283
86 1284
86 1285
86 1286
86 1287
86 1288
86 1289
86 1290
87 1291
87 1292
87 1293
87 1294
87 1295
87 1296
87 1297
87 1298
87 1299
87 1300
87 1301
87 1302
87 1303
87 1304
87 1305
88 1306
88 1307
88 1308
88 1309
88 1310
88 1311
88 1312
88 1313
88 1314
88 1315
88 1316
88 1317
88 1318
88 1319
88 1320
89 1321
89 1322
89 1323
89 1324
89 1325
89 1326
89 1327
89 1328
89 1329
89 1330
89 1331
89 1332
89 1333
89 1334
89 1335
90 1336
90 1337
90 1338
90 1339
90 1340
90 1341
90 1342
90 1343
90 1344
90 1345
90 1346
90 1347
90 1348
90 1349
90 1350
91 1351
91 1352
91 1353
91 1354
91 1355
91 1356
91 1357
91 1358
91 1359
91 1360
91 1361
91 1362
91 1363
91 1364
91 1365
92 1366
92 1367
92 1368
92 1369
92 1370
92 1371
92 1372
92 1373
92 1374
92 1375
92 1376
92 1377
92 1378
92 1379
92 1380
93 1381
93 1382
93 1383
93 1384
93 1385
93 1386
93 1387
93 1388
93 1389
93 1390
93 1391
93 1392
93 1393
93 1394
93 1395
94 1396
94 1397
94 1398
94 1399
94 1400
94 1401
94 1402
94 1403
94 1404
94 1405
94 1406
94 1407
94 1408
94 1409
94 1410
95 1411
95 1412
95 1413
95 1414
95 1415
95 1416
95 1417
95 1418
95 1419
95 1420
95 1421
95 1422
95 1423
95 1424
95 1425
96 1426
96 1427
96 1428
96 1429
96 1430
96 1431
96 1432
96 1433
96 1434
96 1435
96 1436
96 1437
96 1438
96 1439
96 1440
97 1441
97 1442
97 1443
97 1444
97 1445
97 1446
97 1447
97 1448
97 1449
97 1450
97 1451
97 1452
97 1453
97 1454
97 1455
98 1456
98 1457
98 1458
98 1459
98 1460
98 1461
98 1462
98 1463
98 1464
98 1465
98 1466
98 1467
98 1468
98 1469
98 1470
99 1471
99 1472
99 1473
99 1474
99 1475
99 1476
99 1477
99 1478
99 1479
99 1480
99 1481
99 1482
99 1483
99 1484
99 1485
100 1486
100 1487
100 1488
100 1489
100 1490
100 1491
100 1492
100 1493
100 1494
100 1495
100 1496
100 1497
100 1498
100 1499
100 1500
101 1501
101 1502
101 1503
101 1504
101 1505
101 1506
101 1507
101 1508
101 1509
101 1510
101 1511
101 1512
101 1513
101 1514
101 1515
102 1516
102 1517
102 1518
102 1519
102 1520
102 1521
102 1522
102 1523
102 1524
102 1525
102 1526
102 1527
102 1528
102 1529
102 1530
103 1531
103 1532
103 1533
103 1534
103 1535
103 1536
103 1537
103 1538
103 1539
103 1540
103 1541
103 1542
103 1543
103 1544
103 1545
104 1546
104 1547
104 1548
104 1549
104 1550
104 1551
104 1552
104 1553
104 1554
104 1555
104 1556
104 1557
104 1558
104 1559
104 1560
105 1561
105 1562
105 1563
105 1564
105 1565
105 1566
105 1567
105 1568
105 1569
105 1570
105 1571
105 1572
105 1573
105 1574
105 1575
106 1576
106 1577
106 1578
106 1579
106 1580
106 1581
106 1582
106 1583
106 1584
106 1585
106 1586
106 1587
106 1588
106 1589
106 1590
107 1591
107 1592
107 1593
107 1594
107 1595
107 1596
107 1597
107 1598
107 1599
107 1600
107 1601
107 1602
107 1603
107 1604
107 1605
108 1606
108 1607
108 1608
108 1609
108 1610
108 1611
108 1612
108 1613
108 1614
108 1615
108 1616
108 1617
108 1618
108 1619
108 1620
109 1621
109 1622
109 1623
109 1624
109 1625
109 1626
109 1627
109 1628
109 1629
109 1630
109 1631
109 1632
109 1633
109 1634
109 1635
110 1636
110 1637
110 1638
110 1639
110 1640
110 1641
110 1642
110 1643
110 1644
110 1645
110 1646
110 1647
110 1648
110 1649
110 1650
111 1651
111 1652
111 1653
111 1654
111 1655
111 1656
111 1657
111 1658
111 1659
111 1660
111 1661
111 1662
111 1663
111 1664
111 1665
112 1666
112 1667
112 1668
112 1669
112 1670
112 1671
112 1672
112 1673
112 1674
112 1675
112 1676
112 1677
112 1678
112 1679
112 1680
113 1681
113 1682
113 1683
113 1684
113 1685
113 1686
113 1687
113 1688
113 1689
113 1690
113 1691
113 1692
113 1693
113 1694
113 1695
114 1696
114 1697
114 1698
114 1699
114 1700
114 1701
114 1702
114 1703
114 1704
114 1705
114 1706
114 1707
114 1708
114 1709
114 1710
115 1711
115 1712
115 1713
115 1714
115 1715
115 1716
115 1717
115 1718
115 1719
115 1720
115 1721
115 1722
115 1723
115 1724
115 1725
116 1726
116 1727
116 1728
116 1729
116 1730
116 1731
116 1732
116 1733
116 1734
116 1735
116 1736
116 1737
116 1738
116 1739
116 1740
117 1741
117 1742
117 1743
117 1744
117 1745
117 1746
117 1747
117 1748
117 1749
117 1750
117 1751
117 1752
117 1753
117 1754
117 1755
118 1756
118 1757
118 1758
118 1759
118 1760
118 1761
118 1762
118 1763
118 1764
118 1765
118 1766
118 1767
118 1768
118 1769
118 1770
119 1771
119 1772
119 1773
119 1774
119 1775
119 1776
119 1777
119 1778
119 1779
119 1780
119 1781
119 1782
119 1783
119 1784
119 1785
120 1786
120 1787
120 1788
120 1789
120 1790
120 1791
120 1792
120 1793
120 1794
120 1795
120 1796
120 1797
120 1798
120 1799
120 1800
121 1801
121 1802
121 1803
121 1804
121 1805
121 1806
121 1807
121 1808
121 1809
121 1810
121 1811
121 1812
121 1813
121 1814
121 1815
122 1816
122 1817
122 1818
122 1819
122 1820
122 1821
122 1822
122 1823
122 1824
122 1825
122 1826
122 1827
122 1828
122 1829
122 1830
123 1831
123 1832
123 1833
123 1834
123 1835
123 1836
123 1837
123 1838
123 1839
123 1840
123 1841
123 1842
123 1843
123 1844
123 1845
124 1846
124 1847
124 1848
124 1849
124 1850
124 1851
124 1852
124 1853
124 1854
124 1855
124 1856
124 1857
124 1858
124 1859
124 1860
125 1861
125 1862
125 1863
125 1864
125 1865
125 1866
125 1867
125 1868
125 1869
125 1870
125 1871
125 1872
125 1873
125 1874
125 1875
126 1876
126 1877
126 1878
126 1879
126 1880
126 1881
126 1882
126 1883
126 1884
126 1885
126 1886
126 1887
126 1888
126 1889
126 1890
127 1891
127 1892
127 1893
127 1894
127 1895
127 1896
127 1897
127 1898
127 1899
127 1900
127 1901
127 1902
127 1903
127 1904
127 1905
128 1906
128 1907
128 1908
128 1909
128 1910
128 1911
128 1912
128 1913
128 1914
128 1915
128 1916
128 1917
128 1918
128 1919
128 1920
129 1921
129 1922
129 1923
129 1924
129 1925
129 1926
129 1927
129 1928
129 1929
129 1930
129 1931
129 1932
129 1933
129 1934
129 1935
130 1936
130 1937
130 1938
130 1939
130 1940
130 1941
130 1942
130 1943
130 1944
130 1945
130 1946
130 1947
130 1948
130 1949
130 1950
131 1951
131 1952
131 1953
131 1954
131 1955
131 1956
131 1957
131 1958
131 1959
131 1960
131 1961
131 1962
131 1963
131 1964
131 1965
132 1966
132 1967
132 1968
132 1969
132 1970
132 1971
132 1972
132 1973
132 1974
132 1975
132 1976
132 1977
132 1978
132 1979
132 1980
133 1981
133 1982
133 1983
133 1984
133 1985
133 1986
133 1987
133 1988
133 1989
133 1990
133 1991
133 1992
133 1993
133 1994
133 1995
134 1996
134 1997
134 1998
134 1999
134 2000
134 2001
134 2002
134 2003
134 2004
134 2005
134 2006
134 2007
134 2008
134 2009
134 2010
135 2011
135 2012
135 2013
135 2014
135 2015
135 2016
135 2017
135 2018
135 2019
135 2020
135 2021
135 2022
135 2023
135 2024
135 2025
136 2026
136 2027
136 2028
136 2029
136 2030
136 2031
136 2032
136 2033
136 2034
136 2035
136 2036
136 2037
136 2038
136 2039
136 2040
137 2041
137 2042
137 2043
137 2044
137 2045
137 2046
137 2047
137 2048
137 2049
137 2050
137 2051
137 2052
137 2053
137 2054
137 2055
138 2056
138 2057
138 2058
138 2059
138 2060
138 2061
138 2062
138 2063
138 2064
138 2065
138 2066
138 2067
138 2068
138 2069
138 2070
139 2071
139 2072
139 2073
139 2074
139 2075
139 2076
139 2077
139 2078
139 2079
139 2080
139 2081
139 2082
139 2083
139 2084
139 2085
140 2086
140 2087
140 2088
140 2089
140 2090
140 2091
140 2092
140 2093
140 2094
140 2095
140 2096
140 2097
140 2098
140 2099
140 2100
141 2101
141 2102
141 2103
141 2104
141 2105
141 2106
141 2107
141 2108
141 2109
141 2110
141 2111
141 2112
141 2113
141 2114
141 2115
142 2116
142 2117
142 2118
142 2119
142 2120
142 2121
142 2122
142 2123
142 2124
142 2125
142 2126
142 2127
142 2128
142 2129
142 2130
143 2131
143 2132
143 2133
143 2134
143 2135
143 2136
143 2137
143 2138
143 2139
143 2140
143 2141
143 2142
143 2143
143 2144
143 2145
144 2146
144 2147
144 2148
144 2149
144 2150
144 2151
144 2152
144 2153
144 2154
144 2155
144 2156
144 2157
144 2158
144 2159
144 2160
145 2161
145 2162
145 2163
145 2164
145 2165
145 2166
145 2167
145 2168
145 2169
145 2170
145 2171
145 2172
145 2173
145 2174
145 2175
146 2176
146 2177
146 2178
146 2179
146 2180
146 2181
146 2182
146 2183
146 2184
146 2185
146 2186
146 2187
146 2188
146 2189
146 2190
147 2191
147 2192
147 2193
147 2194
147 2195
147 2196
147 2197
147 2198
147 2199
147 2200
147 2201
147 2202
147 2203
147 2204
147 2205
148 2206
148 2207
148 2208
148 2209
148 2210
148 2211
148 2212
148 2213
148 2214
148 2215
148 2216
148 2217
148 2218
148 2219
148 2220
149 2221
149 2222
149 2223
149 2224
149 2225
149 2226
149 2227
149 2228
149 2229
149 2230
149 2231
149 2232
149 2233
149 2234
149 2235
150 2236
150 2237
150 2238
150 2239
150 2240
150 2241
150 2242
150 2243
150 2244
150 2245
150 2246
150 2247
150 2248
150 2249
150 2250
151 2251
151 2252
151 2253
151 2254
151 2255
151 2256
151 2257
151 2258
151 2259
151 2260
151 2261
151 2262
151 2263
151 2264
151 2265
152 2266
152 2267
152 2268
152 2269
152 2270
152 2271
152 2272
152 2273
152 2274
152 2275
152 2276
152 2277
152 2278
152 2279
152 2280
153 2281
153 2282
153 2283
153 2284
153 2285
153 2286
153 2287
153 2288
153 2289
153 2290
153 2291
153 2292
153 2293
153 2294
153 2295
154 2296
154 2297
154 2298
154 2299
154 2300
154 2301
154 2302
154 2303
154 2304
154 2305
154 2306
154 2307
154 2308
154 2309
154 2310
155 2311
155 2312
155 2313
155 2314
155 2315
155 2316
155 2317
155 2318
155 2319
155 2320
155 2321
155 2322
155 2323
155 2324
155 2325
156 2326
156 2327
156 2328
156 2329
156 2330
156 2331
156 2332
156 2333
156 2334
156 2335
156 2336
156 2337
156 2338
156 2339
156 2340
157 2341
157 2342
157 2343
157 2344
157 2345
157 2346
157 2347
157 2348
157 2349
157 2350
157 2351
157 2352
157 2353
157 2354
157 2355
158 2356
158 2357
158 2358
158 2359
158 2360
158 2361
158 2362
158 2363
158 2364
158 2365
158 2366
158 2367
158 2368
158 2369
158 2370
159 2371
159 2372
159 2373
159 2374
159 2375
159 2376
159 2377
159 2378
159 2379
159 2380
159 2381
159 2382
159 2383
159 2384
159 2385
160 2386
160 2387
160 2388
160 2389
160 2390
160 2391
160 2392
160 2393
160 2394
160 2395
160 2396
160 2397
160 2398
160 2399
160 2400
161 2401
161 2402
161 2403
161 2404
161 2405
161 2406
161 2407
161 2408
161 2409
161 2410
161 2411
161 2412
161 2413
161 2414
161 2415
162 2416
162 2417
162 2418
162 2419
162 2420
162 2421
162 2422
162 2423
162 2424
162 2425
162 2426
162 2427
162 2428
162 2429
162 2430
163 2431
163 2432
163 2433
163 2434
163 2435
163 2436
163 2437
163 2438
163 2439
163 2440
163 2441
163 2442
163 2443
163 2444
163 2445
164 2446
164 2447
164 2448
164 2449
164 2450
164 2451
164 2452
164 2453
164 2454
164 2455
164 2456
164 2457
164 2458
164 2459
164 2460
165 2461
165 2462
165 2463
165 2464
165 2465
165 2466
165 2467
165 2468
165 2469
165 2470
165 2471
165 2472
165 2473
165 2474
165 2475
166 2476
166 2477
166 2478
166 2479
166 2480
166 2481
166 2482
166 2483
166 2484
166 2485
166 2486
166 2487
166 2488
166 2489
166 2490
167 2491
167 2492
167 2493
167 2494
167 2495
167 2496
167 2497
167 2498
167 2499
167 2500
167 2501
167 2502
167 2503
167 2504
167 2505
168 2506
168 2507
168 2508
168 2509
168 2510
168 2511
168 2512
168 2513
168 2514
168 2515
168 2516
168 2517
168 2518
168 2519
168 2520
169 2521
169 2522
169 2523
169 2524
169 2525
169 2526
169 2527
169 2528
169 2529
169 2530
169 2531
169 2532
169 2533
169 2534
169 2535
170 2536
170 2537
170 2538
170 2539
170 2540
170 2541
170 2542
170 2543
170 2544
170 2545
170 2546
170 2547
170 2548
170 2549
170 2550
171 2551
171 2552
171 2553
171 2554
171 2555
171 2556
171 2557
171 2558
171 2559
171 2560
171 2561
171 2562
171 2563
171 2564
171 2565
172 2566
172 2567
172 2568
172 2569
172 2570
172 2571
172 2572
172 2573
172 2574
172 2575
172 2576
172 2577
172 2578
172 2579
172 2580
173 2581
173 2582
173 2583
173 2584
173 2585
173 2586
173 2587
173 2588
173 2589
173 2590
173 2591
173 2592
173 2593
173 2594
173 2595
174 2596
174 2597
174 2598
174 2599
174 2600
174 2601
174 2602
174 2603
174 2604
174 2605
174 2606
174 2607
174 2608
174 2609
174 2610
175 2611
175 2612
175 2613
175 2614
175 2615
175 2616
175 2617
175 2618
175 2619
175 2620
175 2621
175 2622
175 2623
175 2624
175 2625
176 2626
176 2627
176 2628
176 2629
176 2630
176 2631
176 2632
176 2633
176 2634
176 2635
176 2636
176 2637
176 2638
176 2639
176 2640
177 2641
177 2642
177 2643
177 2644
177 2645
177 2646
177 2647
177 2648
177 2649
177 2650
177 2651
177 2652
177 2653
177 2654
177 2655
178 2656
178 2657
178 2658
178 2659
178 2660
178 2661
178 2662
178 2663
178 2664
178 2665
178 2666
178 2667
178 2668
178 2669
178 2670
179 2671
179 2672
179 2673
179 2674
179 2675
179 2676
179 2677
179 2678
179 2679
179 2680
179 2681
179 2682
179 2683
179 2684
179 2685
180 2686
180 2687
180 2688
180 2689
180 2690
180 2691
180 2692
180 2693
180 2694
180 2695
180 2696
180 2697
180 2698
180 2699
180 2700
181 2701
181 2702
181 2703
181 2704
181 2705
181 2706
181 2707
181 2708
181 2709
181 2710
181 2711
181 2712
181 2713
181 2714
181 2715
182 2716
182 2717
182 2718
182 2719
182 2720
182 2721
182 2722
182 2723
182 2724
182 2725
182 2726
182 2727
182 2728
182 2729
182 2730
183 2731
183 2732
183 2733
183 2734
183 2735
183 2736
183 2737
183 2738
183 2739
183 2740
183 2741
183 2742
183 2743
183 2744
183 2745
184 2746
184 2747
184 2748
184 2749
184 2750
184 2751
184 2752
184 2753
184 2754
184 2755
184 2756
184 2757
184 2758
184 2759
184 2760
185 2761
185 2762
185 2763
185 2764
185 2765
185 2766
185 2767
185 2768
185 2769
185 2770
185 2771
185 2772
185 2773
185 2774
185 2775
186 2776
186 2777
186 2778
186 2779
186 2780
186 2781
186 2782
186 2783
186 2784
186 2785
186 2786
186 2787
186 2788
186 2789
186 2790
187 2791
187 2792
187 2793
187 2794
187 2795
187 2796
187 2797
187 2798
187 2799
187 2800
187 2801
187 2802
187 2803
187 2804
187 2805
188 2806
188 2807
188 2808
188 2809
188 2810
188 2811
188 2812
188 2813
188 2814
188 2815
188 2816
188 2817
188 2818
188 2819
188 2820
189 2821
189 2822
189 2823
189 2824
189 2825
189 2826
189 2827
189 2828
189 2829
189 2830
189 2831
189 2832
189 2833
189 2834
189 2835
190 2836
190 2837
190 2838
190 2839
190 2840
190 2841
190 2842
190 2843
190 2844
190 2845
190 2846
190 2847
190 2848
190 2849
190 2850
191 2851
191 2852
191 2853
191 2854
191 2855
191 2856
191 2857
191 2858
191 2859
191 2860
191 2861
191 2862
191 2863
191 2864
191 2865
192 2866
192 2867
192 2868
192 2869
192 2870
192 2871
192 2872
192 2873
192 2874
192 2875
192 2876
192 2877
192 2878
192 2879
192 2880
1 2881
1 2882
1 2883
1 2884
1 2885
1 2886
1 2887
1 2888
2 2889
2 2890
2 2891
2 2892
2 2893
2 2894
2 2895
2 2896
3 2897
3 2898
3 2899
3 2900
3 2901
3 2902
3 2903
3 2904
4 2905
4 2906
4 2907
4 2908
4 2909
4 2910
4 2911
4 2912
5 2913
5 2914
5 2915
5 2916
5 2917
5 2918
5 2919
5 2920
6 2921
6 2922
6 2923
6 2924
6 2925
6 2926
6 2927
6 2928
7 2929
7 2930
7 2931
7 2932
7 2933
7 2934
7 2935
7 2936
8 2937
8 2938
8 2939
8 2940
8 2941
8 2942
8 2943
8 2944
9 2945
9 2946
9 2947
9 2948
9 2949
9 2950
9 2951
9 2952
10 2953
10 2954
10 2955
10 2956
10 2957
10 2958
10 2959
10 2960
11 2961
11 2962
11 2963
11 2964
11 2965
11 2966
11 2967
11 2968
12 2969
12 2970
12 2971
12 2972
12 2973
12 2974
12 2975
12 2976
13 2977
13 2978
13 2979
13 2980
13 2981
13 2982
13 2983
13 2984
14 2985
14 2986
14 2987
14 2988
14 2989
14 2990
14 2991
14 2992
15 2993
15 2994
15 2995
15 2996
15 2997
15 2998
15 2999
15 3000
16 3001
16 3002
16 3003
16 3004
16 3005
16 3006
16 3007
16 3008
17 3009
17 3010
17 3011
17 3012
17 3013
17 3014
17 3015
17 3016
18 3017
18 3018
18 3019
18 3020
18 3021
18 3022
18 3023
18 3024
19 3025
19 3026
19 3027
19 3028
19 3029
19 3030
19 3031
19 3032
20 3033
20 3034
20 3035
20 3036
20 3037
20 3038
20 3039
20 3040
21 3041
21 3042
21 3043
21 3044
21 3045
21 3046
21 3047
21 3048
22 3049
22 3050
22 3051
22 3052
22 3053
22 3054
22 3055
22 3056
23 3057
23 3058
23 3059
23 3060
23 3061
23 3062
23 3063
23 3064
24 3065
24 3066
24 3067
24 3068
24 3069
24 3070
24 3071
24 3072
25 3073
25 3074
25 3075
25 3076
25 3077
25 3078
25 3079
25 3080
26 3081
26 3082
26 3083
26 3084
26 3085
26 3086
26 3087
26 3088
27 3089
27 3090
27 3091
27 3092
27 3093
27 3094
27 3095
27 3096
28 3097
28 3098
28 3099
28 3100
28 3101
28 3102
28 3103
28 3104
29 3105
29 3106
29 3107
29 3108
29 3109
29 3110
29 3111
29 3112
30 3113
30 3114
30 3115
30 3116
30 3117
30 3118
30 3119
30 3120
31 3121
31 3122
31 3123
31 3124
31 3125
31 3126
31 3127
31 3128
32 3129
32 3130
32 3131
32 3132
32 3133
32 3134
32 3135
32 3136
33 3137
33 3138
33 3139
33 3140
33 3141
33 3142
33 3143
33 3144
34 3145
34 3146
34 3147
34 3148
34 3149
34 3150
34 3151
34 3152
35 3153
35 3154
35 3155
35 3156
35 3157
35 3158
35 3159
35 3160
36 3161
36 3162
36 3163
36 3164
36 3165
36 3166
36 3167
36 3168
37 3169
37 3170
37 3171
37 3172
37 3173
37 3174
37 3175
37 3176
38 3177
38 3178
38 3179
38 3180
38 3181
38 3182
38 3183
38 3184
39 3185
39 3186
39 3187
39 3188
39 3189
39 3190
39 3191
39 3192
40 3193
40 3194
40 3195
40 3196
40 3197
40 3198
40 3199
40 3200
41 3201
41 3202
41 3203
41 3204
41 3205
41 3206
41 3207
41 3208
42 3209
42 3210
42 3211
42 3212
42 3213
42 3214
42 3215
42 3216
43 3217
43 3218
43 3219
43 3220
43 3221
43 3222
43 3223
43 3224
44 3225
44 3226
44 3227
44 3228
44 3229
44 3230
44 3231
44 3232
45 3233
45 3234
45 3235
45 3236
45 3237
45 3238
45 3239
45 3240
46 3241
46 3242
46 3243
46 3244
46 3245
46 3246
46 3247
46 3248
47 3249
47 3250
47 3251
47 3252
47 3253
47 3254
47 3255
47 3256
48 3257
48 3258
48 3259
48 3260
48 3261
48 3262
48 3263
48 3264
49 3265
49 3266
49 3267
49 3268
49 3269
49 3270
49 3271
49 3272
50 3273
50 3274
50 3275
50 3276
50 3277
50 3278
50 3279
50 3280
51 3281
51 3282
51 3283
51 3284
51 3285
51 3286
51 3287
51 3288
52 3289
52 3290
52 3291
52 3292
52 3293
52 3294
52 3295
52 3296
53 3297
53 3298
53 3299
53 3300
53 3301
53 3302
53 3303
53 3304
54 3305
54 3306
54 3307
54 3308
54 3309
54 3310
54 3311
54 3312
55 3313
55 3314
55 3315
55 3316
55 3317
55 3318
55 3319
55 3320
56 3321
56 3322
56 3323
56 3324
56 3325
56 3326
56 3327
56 3328
57 3329
57 3330
57 3331
57 3332
57 3333
57 3334
57 3335
57 3336
58 3337
58 3338
58 3339
58 3340
58 3341
58 3342
58 3343
58 3344
59 3345
59 3346
59 3347
59 3348
59 3349
59 3350
59 3351
59 3352
60 3353
60 3354
60 3355
60 3356
60 3357
60 3358
60 3359
60 3360
61 3361
61 3362
61 3363
61 3364
61 3365
61 3366
61 3367
61 3368
62 3369
62 3370
62 3371
62 3372
62 3373
62 3374
62 3375
62 3376
63 3377
63 3378
63 3379
63 3380
63 3381
63 3382
63 3383
63 3384
64 3385
64 3386
64 3387
64 3388
64 3389
64 3390
64 3391
64 3392
65 3393
65 3394
65 3395
65 3396
65 3397
65 3398
65 3399
65 3400
66 3401
66 3402
66 3403
66 3404
66 3405
66 3406
66 3407
66 3408
67 3409
67 3410
67 3411
67 3412
67 3413
67 3414
67 3415
67 3416
68 3417
68 3418
68 3419
68 3420
68 3421
68 3422
68 3423
68 3424
69 3425
69 3426
69 3427
69 3428
69 3429
69 3430
69 3431
69 3432
70 3433
70 3434
70 3435
70 3436
70 3437
70 3438
70 3439
70 3440
71 3441
71 3442
71 3443
71 3444
71 3445
71 3446
71 3447
71 3448
72 3449
72 3450
72 3451
72 3452
72 3453
72 3454
72 3455
72 3456
73 3457
73 3458
73 3459
73 3460
73 3461
73 3462
73 3463
73 3464
74 3465
74 3466
74 3467
74 3468
74 3469
74 3470
74 3471
74 3472
75 3473
75 3474
75 3475
75 3476
75 3477
75 3478
75 3479
75 3480
76 3481
76 3482
76 3483
76 3484
76 3485
76 3486
76 3487
76 3488
77 3489
77 3490
77 3491
77 3492
77 3493
77 3494
77 3495
77 3496
78 3497
78 3498
78 3499
78 3500
78 3501
78 3502
78 3503
78 3504
79 3505
79 3506
79 3507
79 3508
79 3509
79 3510
79 3511
79 3512
80 3513
80 3514
80 3515
80 3516
80 3517
80 3518
80 3519
80 3520
81 3521
81 3522
81 3523
81 3524
81 3525
81 3526
81 3527
81 3528
82 3529
82 3530
82 3531
82 3532
82 3533
82 3534
82 3535
82 3536
83 3537
83 3538
83 3539
83 3540
83 3541
83 3542
83 3543
83 3544
84 3545
84 3546
84 3547
84 3548
84 3549
84 3550
84 3551
84 3552
85 3553
85 3554
85 3555
85 3556
85 3557
85 3558
85 3559
85 3560
86 3561
86 3562
86 3563
86 3564
86 3565
86 3566
86 3567
86 3568
87 3569
87 3570
87 3571
87 3572
87 3573
87 3574
87 3575
87 3576
88 3577
88 3578
88 3579
88 3580
88 3581
88 3582
88 3583
88 3584
89 3585
89 3586
89 3587
89 3588
89 3589
89 3590
89 3591
89 3592
90 3593
90 3594
90 3595
90 3596
90 3597
90 3598
90 3599
90 3600
91 3601
91 3602
91 3603
91 3604
91 3605
91 3606
91 3607
91 3608
92 3609
92 3610
92 3611
92 3612
92 3613
92 3614
92 3615
92 3616
93 3617
93 3618
93 3619
93 3620
93 3621
93 3622
93 3623
93 3624
94 3625
94 3626
94 3627
94 3628
94 3629
94 3630
94 3631
94 3632
95 3633
95 3634
95 3635
95 3636
95 3637
95 3638
95 3639
95 3640
96 3641
96 3642
96 3643
96 3644
96 3645
96 3646
96 3647
96 3648
97 3649
97 3650
97 3651
97 3652
97 3653
97 3654
97 3655
97 3656
98 3657
98 3658
98 3659
98 3660
98 3661
98 3662
98 3663
98 3664
99 3665
99 3666
99 3667
99 3668
99 3669
99 3670
99 3671
99 3672
100 3673
100 3674
100 3675
100 3676
100 3677
100 3678
100 3679
100 3680
101 3681
101 3682
101 3683
101 3684
101 3685
101 3686
101 3687
101 3688
102 3689
102 3690
102 3691
102 3692
102 3693
102 3694
102 3695
102 3696
103 3697
103 3698
103 3699
103 3700
103 3701
103 3702
103 3703
103 3704
104 3705
104 3706
104 3707
104 3708
104 3709
104 3710
104 3711
104 3712
105 3713
105 3714
105 3715
105 3716
105 3717
105 3718
105 3719
105 3720
106 3721
106 3722
106 3723
106 3724
106 3725
106 3726
106 3727
106 3728
107 3729
107 3730
107 3731
107 3732
107 3733
107 3734
107 3735
107 3736
108 3737
108 3738
108 3739
108 3740
108 3741
108 3742
108 3743
108 3744
109 3745
109 3746
109 3747
109 3748
109 3749
109 3750
109 3751
109 3752
110 3753
110 3754
110 3755
110 3756
110 3757
110 3758
110 3759
110 3760
111 3761
111 3762
111 3763
111 3764
111 3765
111 3766
111 3767
111 3768
112 3769
112 3770
112 3771
112 3772
112 3773
112 3774
112 3775
112 3776
113 3777
113 3778
113 3779
113 3780
113 3781
113 3782
113 3783
113 3784
114 3785
114 3786
114 3787
114 3788
114 3789
114 3790
114 3791
114 3792
115 3793
115 3794
115 3795
115 3796
115 3797
115 3798
115 3799
115 3800
116 3801
116 3802
116 3803
116 3804
116 3805
116 3806
116 3807
116 3808
117 3809
117 3810
117 3811
117 3812
117 3813
117 3814
117 3815
117 3816
118 3817
118 3818
118 3819
118 3820
118 3821
118 3822
118 3823
118 3824
119 3825
119 3826
119 3827
119 3828
119 3829
119 3830
119 3831
119 3832
120 3833
120 3834
120 3835
120 3836
120 3837
120 3838
120 3839
120 3840
121 3841
121 3842
121 3843
121 3844
121 3845
121 3846
121 3847
121 3848
122 3849
122 3850
122 3851
122 3852
122 3853
122 3854
122 3855
122 3856
123 3857
123 3858
123 3859
123 3860
123 3861
123 3862
123 3863
123 3864
124 3865
124 3866
124 3867
124 3868
124 3869
124 3870
124 3871
124 3872
125 3873
125 3874
125 3875
125 3876
125 3877
125 3878
125 3879
125 3880
126 3881
126 3882
126 3883
126 3884
126 3885
126 3886
126 3887
126 3888
127 3889
127 3890
127 3891
127 3892
127 3893
127 3894
127 3895
127 3896
128 3897
128 3898
128 3899
128 3900
128 3901
128 3902
128 3903
128 3904
129 3905
129 3906
129 3907
129 3908
129 3909
129 3910
129 3911
129 3912
130 3913
130 3914
130 3915
130 3916
130 3917
130 3918
130 3919
130 3920
131 3921
131 3922
131 3923
131 3924
131 3925
131 3926
131 3927
131 3928
132 3929
132 3930
132 3931
132 3932
132 3933
132 3934
132 3935
132 3936
133 3937
133 3938
133 3939
133 3940
133 3941
133 3942
133 3943
133 3944
134 3945
134 3946
134 3947
134 3948
134 3949
134 3950
134 3951
134 3952
135 3953
135 3954
135 3955
135 3956
135 3957
135 3958
135 3959
135 3960
136 3961
136 3962
136 3963
136 3964
136 3965
136 3966
136 3967
136 3968
137 3969
137 3970
137 3971
137 3972
137 3973
137 3974
137 3975
137 3976
138 3977
138 3978
138 3979
138 3980
138 3981
138 3982
138 3983
138 3984
139 3985
139 3986
139 3987
139 3988
139 3989
139 3990
139 3991
139 3992
140 3993
140 3994
140 3995
140 3996
140 3997
140 3998
140 3999
140 4000
141 4001
141 4002
141 4003
141 4004
141 4005
141 4006
141 4007
141 4008
142 4009
142 4010
142 4011
142 4012
142 4013
142 4014
142 4015
142 4016
143 4017
143 4018
143 4019
143 4020
143 4021
143 4022
143 4023
143 4024
144 4025
144 4026
144 4027
144 4028
144 4029
144 4030
144 4031
144 4032
145 4033
145 4034
145 4035
145 4036
145 4037
145 4038
145 4039
145 4040
146 4041
146 4042
146 4043
146 4044
146 4045
146 4046
146 4047
146 4048
147 4049
147 4050
147 4051
147 4052
147 4053
147 4054
147 4055
147 4056
148 4057
148 4058
148 4059
148 4060
148 4061
148 4062
148 4063
148 4064
149 4065
149 4066
149 4067
149 4068
149 4069
149 4070
149 4071
149 4072
150 4073
150 4074
150 4075
150 4076
150 4077
150 4078
150 4079
150 4080
151 4081
151 4082
151 4083
151 4084
151 4085
151 4086
151 4087
151 4088
152 4089
152 4090
152 4091
152 4092
152 4093
152 4094
152 4095
152 4096
153 4097
153 4098
153 4099
153 4100
153 4101
153 4102
153 4103
153 4104
154 4105
154 4106
154 4107
154 4108
154 4109
154 4110
154 4111
154 4112
155 4113
155 4114
155 4115
155 4116
155 4117
155 4118
155 4119
155 4120
156 4121
156 4122
156 4123
156 4124
156 4125
156 4126
156 4127
156 4128
157 4129
157 4130
157 4131
157 4132
157 4133
157 4134
157 4135
157 4136
158 4137
158 4138
158 4139
158 4140
158 4141
158 4142
158 4143
158 4144
159 4145
159 4146
159 4147
159 4148
159 4149
159 4150
159 4151
159 4152
160 4153
160 4154
160 4155
160 4156
160 4157
160 4158
160 4159
160 4160
161 4161
161 4162
161 4163
161 4164
161 4165
161 4166
161 4167
161 4168
162 4169
162 4170
162 4171
162 4172
162 4173
162 4174
162 4175
162 4176
163 4177
163 4178
163 4179
163 4180
163 4181
163 4182
163 4183
163 4184
164 4185
164 4186
164 4187
164 4188
164 4189
164 4190
164 4191
164 4192
165 4193
165 4194
165 4195
165 4196
165 4197
165 4198
165 4199
165 4200
166 4201
166 4202
166 4203
166 4204
166 4205
166 4206
166 4207
166 4208
167 4209
167 4210
167 4211
167 4212
167 4213
167 4214
167 4215
167 4216
168 4217
168 4218
168 4219
168 4220
168 4221
168 4222
168 4223
168 4224
169 4225
169 4226
169 4227
169 4228
169 4229
169 4230
169 4231
169 4232
170 4233
170 4234
170 4235
170 4236
170 4237
170 4238
170 4239
170 4240
171 4241
171 4242
171 4243
171 4244
171 4245
171 4246
171 4247
171 4248
172 4249
172 4250
172 4251
172 4252
172 4253
172 4254
172 4255
172 4256
173 4257
173 4258
173 4259
173 4260
173 4261
173 4262
173 4263
173 4264
174 4265
174 4266
174 4267
174 4268
174 4269
174 4270
174 4271
174 4272
175 4273
175 4274
175 4275
175 4276
175 4277
175 4278
175 4279
175 4280
176 4281
176 4282
176 4283
176 4284
176 4285
176 4286
176 4287
176 4288
177 4289
177 4290
177 4291
177 4292
177 4293
177 4294
177 4295
177 4296
178 4297
178 4298
178 4299
178 4300
178 4301
178 4302
178 4303
178 4304
179 4305
179 4306
179 4307
179 4308
179 4309
179 4310
179 4311
179 4312
180 4313
180 4314
180 4315
180 4316
180 4317
180 4318
180 4319
180 4320
181 4321
181 4322
181 4323
181 4324
181 4325
181 4326
181 4327
181 4328
182 4329
182 4330
182 4331
182 4332
182 4333
182 4334
182 4335
182 4336
183 4337
183 4338
183 4339
183 4340
183 4341
183 4342
183 4343
183 4344
184 4345
184 4346
184 4347
184 4348
184 4349
184 4350
184 4351
184 4352
185 4353
185 4354
185 4355
185 4356
185 4357
185 4358
185 4359
185 4360
186 4361
186 4362
186 4363
186 4364
186 4365
186 4366
186 4367
186 4368
187 4369
187 4370
187 4371
187 4372
187 4373
187 4374
187 4375
187 4376
188 4377
188 4378
188 4379
188 4380
188 4381
188 4382
188 4383
188 4384
189 4385
189 4386
189 4387
189 4388
189 4389
189 4390
189 4391
189 4392
190 4393
190 4394
190 4395
190 4396
190 4397
190 4398
190 4399
190 4400
191 4401
191 4402
191 4403
191 4404
191 4405
191 4406
191 4407
191 4408
192 4409
192 4410
192 4411
192 4412
192 4413
192 4414
192 4415
192 4416
193 4417
193 4418
193 4419
193 4420
193 4421
193 4422
193 4423
193 4424
194 4425
194 4426
194 4427
194 4428
194 4429
194 4430
194 4431
194 4432
195 4433
195 4434
195 4435
195 4436
195 4437
195 4438
195 4439
195 4440
196 4441
196 4442
196 4443
196 4444
196 4445
196 4446
196 4447
196 4448
197 4449
197 4450
197 4451
197 4452
197 4453
197 4454
197 4455
197 4456
198 4457
198 4458
198 4459
198 4460
198 4461
198 4462
198 4463
198 4464
199 4465
199 4466
199 4467
199 4468
199 4469
199 4470
199 4471
199 4472
200 4473
200 4474
200 4475
200 4476
200 4477
200 4478
200 4479
200 4480
201 4481
201 4482
201 4483
201 4484
201 4485
201 4486
201 4487
201 4488
202 4489
202 4490
202 4491
202 4492
202 4493
202 4494
202 4495
202 4496
203 4497
203 4498
203 4499
203 4500
203 4501
203 4502
203 4503
203 4504
204 4505
204 4506
204 4507
204 4508
204 4509
204 4510
204 4511
204 4512
205 4513
205 4514
205 4515
205 4516
205 4517
205 4518
205 4519
205 4520
206 4521
206 4522
206 4523
206 4524
206 4525
206 4526
206 4527
206 4528
207 4529
207 4530
207 4531
207 4532
207 4533
207 4534
207 4535
207 4536
208 4537
208 4538
208 4539
208 4540
208 4541
208 4542
208 4543
208 4544
209 4545
209 4546
209 4547
209 4548
209 4549
209 4550
209 4551
209 4552
210 4553
210 4554
210 4555
210 4556
210 4557
210 4558
210 4559
210 4560
211 4561
211 4562
211 4563
211 4564
211 4565
211 4566
211 4567
211 4568
212 4569
212 4570
212 4571
212 4572
212 4573
212 4574
212 4575
212 4576
213 4577
213 4578
213 4579
213 4580
213 4581
213 4582
213 4583
213 4584
214 4585
214 4586
214 4587
214 4588
214 4589
214 4590
214 4591
214 4592
215 4593
215 4594
215 4595
215 4596
215 4597
215 4598
215 4599
215 4600
216 4601
216 4602
216 4603
216 4604
216 4605
216 4606
216 4607
216 4608
217 4609
217 4610
217 4611
217 4612
217 4613
217 4614
217 4615
217 4616
218 4617
218 4618
218 4619
218 4620
218 4621
218 4622
218 4623
218 4624
219 4625
219 4626
219 4627
219 4628
219 4629
219 4630
219 4631
219 4632
220 4633
220 4634
220 4635
220 4636
220 4637
220 4638
220 4639
220 4640
221 4641
221 4642
221 4643
221 4644
221 4645
221 4646
221 4647
221 4648
222 4649
222 4650
222 4651
222 4652
222 4653
222 4654
222 4655
222 4656
223 4657
223 4658
223 4659
223 4660
223 4661
223 4662
223 4663
223 4664
224 4665
224 4666
224 4667
224 4668
224 4669
224 4670
224 4671
224 4672
225 4673
225 4674
225 4675
225 4676
225 4677
225 4678
225 4679
225 4680
226 4681
226 4682
226 4683
226 4684
226 4685
226 4686
226 4687
226 4688
227 4689
227 4690
227 4691
227 4692
227 4693
227 4694
227 4695
227 4696
228 4697
228 4698
228 4699
228 4700
228 4701
228 4702
228 4703
228 4704
229 4705
229 4706
229 4707
229 4708
229 4709
229 4710
229 4711
229 4712
230 4713
230 4714
230 4715
230 4716
230 4717
230 4718
230 4719
230 4720
231 4721
231 4722
231 4723
231 4724
231 4725
231 4726
231 4727
231 4728
232 4729
232 4730
232 4731
232 4732
232 4733
232 4734
232 4735
232 4736
233 4737
233 4738
233 4739
233 4740
233 4741
233 4742
233 4743
233 4744
234 4745
234 4746
234 4747
234 4748
234 4749
234 4750
234 4751
234 4752
235 4753
235 4754
235 4755
235 4756
235 4757
235 4758
235 4759
235 4760
236 4761
236 4762
236 4763
236 4764
236 4765
236 4766
236 4767
236 4768
237 4769
237 4770
237 4771
237 4772
237 4773
237 4774
237 4775
237 4776
238 4777
238 4778
238 4779
238 4780
238 4781
238 4782
238 4783
238 4784
239 4785
239 4786
239 4787
239 4788
239 4789
239 4790
239 4791
239 4792
240 4793
240 4794
240 4795
240 4796
240 4797
240 4798
240 4799
240 4800
241 4801
241 4802
241 4803
241 4804
241 4805
241 4806
241 4807
241 4808
242 4809
242 4810
242 4811
242 4812
242 4813
242 4814
242 4815
242 4816
243 4817
243 4818
243 4819
243 4820
243 4821
243 4822
243 4823
243 4824
244 4825
244 4826
244 4827
244 4828
244 4829
244 4830
244 4831
244 4832
245 4833
245 4834
245 4835
245 4836
245 4837
245 4838
245 4839
245 4840
246 4841
246 4842
246 4843
246 4844
246 4845
246 4846
246 4847
246 4848
247 4849
247 4850
247 4851
247 4852
247 4853
247 4854
247 4855
247 4856
248 4857
248 4858
248 4859
248 4860
248 4861
248 4862
248 4863
248 4864
249 4865
249 4866
249 4867
249 4868
249 4869
249 4870
249 4871
249 4872
250 4873
250 4874
250 4875
250 4876
250 4877
250 4878
250 4879
250 4880
251 4881
251 4882
251 4883
251 4884
251 4885
251 4886
251 4887
251 4888
252 4889
252 4890
252 4891
252 4892
252 4893
252 4894
252 4895
252 4896
253 4897
253 4898
253 4899
253 4900
253 4901
253 4902
253 4903
253 4904
254 4905
254 4906
254 4907
254 4908
254 4909
254 4910
254 4911
254 4912
255 4913
255 4914
255 4915
255 4916
255 4917
255 4918
255 4919
255 4920
256 4921
256 4922
256 4923
256 4924
256 4925
256 4926
256 4927
256 4928
257 4929
257 4930
257 4931
257 4932
257 4933
257 4934
257 4935
257 4936
258 4937
258 4938
258 4939
258 4940
258 4941
258 4942
258 4943
258 4944
259 4945
259 4946
259 4947
259 4948
259 4949
259 4950
259 4951
259 4952
260 4953
260 4954
260 4955
260 4956
260 4957
260 4958
260 4959
260 4960
261 4961
261 4962
261 4963
261 4964
261 4965
261 4966
261 4967
261 4968
262 4969
262 4970
262 4971
262 4972
262 4973
262 4974
262 4975
262 4976
263 4977
263 4978
263 4979
263 4980
263 4981
263 4982
263 4983
263 4984
264 4985
264 4986
264 4987
264 4988
264 4989
264 4990
264 4991
264 4992
265 4993
265 4994
265 4995
265 4996
265 4997
265 4998
265 4999
265 5000
266 5001
266 5002
266 5003
266 5004
266 5005
266 5006
266 5007
266 5008
267 5009
267 5010
267 5011
267 5012
267 5013
267 5014
267 5015
267 5016
268 5017
268 5018
268 5019
268 5020
268 5021
268 5022
268 5023
268 5024
269 5025
269 5026
269 5027
269 5028
269 5029
269 5030
269 5031
269 5032
270 5033
270 5034
270 5035
270 5036
270 5037
270 5038
270 5039
270 5040
271 5041
271 5042
271 5043
271 5044
271 5045
271 5046
271 5047
271 5048
272 5049
272 5050
272 5051
272 5052
272 5053
272 5054
272 5055
272 5056
273 5057
273 5058
273 5059
273 5060
273 5061
273 5062
273 5063
273 5064
274 5065
274 5066
274 5067
274 5068
274 5069
274 5070
274 5071
274 5072
275 5073
275 5074
275 5075
275 5076
275 5077
275 5078
275 5079
275 5080
276 5081
276 5082
276 5083
276 5084
276 5085
276 5086
276 5087
276 5088
277 5089
277 5090
277 5091
277 5092
277 5093
277 5094
277 5095
277 5096
278 5097
278 5098
278 5099
278 5100
278 5101
278 5102
278 5103
278 5104
279 5105
279 5106
279 5107
279 5108
279 5109
279 5110
279 5111
279 5112
280 5113
280 5114
280 5115
280 5116
280 5117
280 5118
280 5119
280 5120
281 5121
281 5122
281 5123
281 5124
281 5125
281 5126
281 5127
281 5128
282 5129
282 5130
282 5131
282 5132
282 5133
282 5134
282 5135
282 5136
283 5137
283 5138
283 5139
283 5140
283 5141
283 5142
283 5143
283 5144
284 5145
284 5146
284 5147
284 5148
284 5149
284 5150
284 5151
284 5152
285 5153
285 5154
285 5155
285 5156
285 5157
285 5158
285 5159
285 5160
286 5161
286 5162
286 5163
286 5164
286 5165
286 5166
286 5167
286 5168
287 5169
287 5170
287 5171
287 5172
287 5173
287 5174
287 5175
287 5176
288 5177
288 5178
288 5179
288 5180
288 5181
288 5182
288 5183
288 5184
289 5185
289 5186
289 5187
289 5188
289 5189
289 5190
289 5191
289 5192
290 5193
290 5194
290 5195
290 5196
290 5197
290 5198
290 5199
290 5200
291 5201
291 5202
291 5203
291 5204
291 5205
291 5206
291 5207
291 5208
292 5209
292 5210
292 5211
292 5212
292 5213
292 5214
292 5215
292 5216
293 5217
293 5218
293 5219
293 5220
293 5221
293 5222
293 5223
293 5224
294 5225
294 5226
294 5227
294 5228
294 5229
294 5230
294 5231
294 5232
295 5233
295 5234
295 5235
295 5236
295 5237
295 5238
295 5239
295 5240
296 5241
296 5242
296 5243
296 5244
296 5245
296 5246
296 5247
296 5248
297 5249
297 5250
297 5251
297 5252
297 5253
297 5254
297 5255
297 5256
298 5257
298 5258
298 5259
298 5260
298 5261
298 5262
298 5263
298 5264
299 5265
299 5266
299 5267
299 5268
299 5269
299 5270
299 5271
299 5272
300 5273
300 5274
300 5275
300 5276
300 5277
300 5278
300 5279
300 5280
301 5281
301 5282
301 5283
301 5284
301 5285
301 5286
301 5287
301 5288
302 5289
302 5290
302 5291
302 5292
302 5293
302 5294
302 5295
302 5296
303 5297
303 5298
303 5299
303 5300
303 5301
303 5302
303 5303
303 5304
304 5305
304 5306
304 5307
304 5308
304 5309
304 5310
304 5311
304 5312
305 5313
305 5314
305 5315
305 5316
305 5317
305 5318
305 5319
305 5320
306 5321
306 5322
306 5323
306 5324
306 5325
306 5326
306 5327
306 5328
307 5329
307 5330
307 5331
307 5332
307 5333
307 5334
307 5335
307 5336
308 5337
308 5338
308 5339
308 5340
308 5341
308 5342
308 5343
308 5344
309 5345
309 5346
309 5347
309 5348
309 5349
309 5350
309 5351
309 5352
310 5353
310 5354
310 5355
310 5356
310 5357
310 5358
310 5359
310 5360
311 5361
311 5362
311 5363
311 5364
311 5365
311 5366
311 5367
311 5368
312 5369
312 5370
312 5371
312 5372
312 5373
312 5374
312 5375
312 5376
313 5377
313 5378
313 5379
313 5380
313 5381
313 5382
313 5383
313 5384
314 5385
314 5386
314 5387
314 5388
314 5389
314 5390
314 5391
314 5392
315 5393
315 5394
315 5395
315 5396
315 5397
315 5398
315 5399
315 5400
316 5401
316 5402
316 5403
316 5404
316 5405
316 5406
316 5407
316 5408
317 5409
317 5410
317 5411
317 5412
317 5413
317 5414
317 5415
317 5416
318 5417
318 5418
318 5419
318 5420
318 5421
318 5422
318 5423
318 5424
319 5425
319 5426
319 5427
319 5428
319 5429
319 5430
319 5431
319 5432
320 5433
320 5434
320 5435
320 5436
320 5437
320 5438
320 5439
320 5440
321 5441
321 5442
321 5443
321 5444
321 5445
321 5446
321 5447
321 5448
322 5449
322 5450
322 5451
322 5452
322 5453
322 5454
322 5455
322 5456
323 5457
323 5458
323 5459
323 5460
323 5461
323 5462
323 5463
323 5464
324 5465
324 5466
324 5467
324 5468
324 5469
324 5470
324 5471
324 5472
325 5473
325 5474
325 5475
325 5476
325 5477
325 5478
325 5479
325 5480
326 5481
326 5482
326 5483
326 5484
326 5485
326 5486
326 5487
326 5488
327 5489
327 5490
327 5491
327 5492
327 5493
327 5494
327 5495
327 5496
328 5497
328 5498
328 5499
328 5500
328 5501
328 5502
328 5503
328 5504
329 5505
329 5506
329 5507
329 5508
329 5509
329 5510
329 5511
329 5512
330 5513
330 5514
330 5515
330 5516
330 5517
330 5518
330 5519
330 5520
331 5521
331 5522
331 5523
331 5524
331 5525
331 5526
331 5527
331 5528
332 5529
332 5530
332 5531
332 5532
332 5533
332 5534
332 5535
332 5536
333 5537
333 5538
333 5539
333 5540
333 5541
333 5542
333 5543
333 5544
334 5545
334 5546
334 5547
334 5548
334 5549
334 5550
334 5551
334 5552
335 5553
335 5554
335 5555
335 5556
335 5557
335 5558
335 5559
335 5560
336 5561
336 5562
336 5563
336 5564
336 5565
336 5566
336 5567
336 5568
337 5569
337 5570
337 5571
337 5572
337 5573
337 5574
337 5575
337 5576
338 5577
338 5578
338 5579
338 5580
338 5581
338 5582
338 5583
338 5584
339 5585
339 5586
339 5587
339 5588
339 5589
339 5590
339 5591
339 5592
340 5593
340 5594
340 5595
340 5596
340 5597
340 5598
340 5599
340 5600
341 5601
341 5602
341 5603
341 5604
341 5605
341 5606
341 5607
341 5608
342 5609
342 5610
342 5611
342 5612
342 5613
342 5614
342 5615
342 5616
343 5617
343 5618
343 5619
343 5620
343 5621
343 5622
343 5623
343 5624
344 5625
344 5626
344 5627
344 5628
344 5629
344 5630
344 5631
344 5632
345 5633
345 5634
345 5635
345 5636
345 5637
345 5638
345 5639
345 5640
346 5641
346 5642
346 5643
346 5644
346 5645
346 5646
346 5647
346 5648
347 5649
347 5650
347 5651
347 5652
347 5653
347 5654
347 5655
347 5656
348 5657
348 5658
348 5659
348 5660
348 5661
348 5662
348 5663
348 5664
349 5665
349 5666
349 5667
349 5668
349 5669
349 5670
349 5671
349 5672
350 5673
350 5674
350 5675
350 5676
350 5677
350 5678
350 5679
350 5680
351 5681
351 5682
351 5683
351 5684
351 5685
351 5686
351 5687
351 5688
352 5689
352 5690
352 5691
352 5692
352 5693
352 5694
352 5695
352 5696
353 5697
353 5698
353 5699
353 5700
353 5701
353 5702
353 5703
353 5704
354 5705
354 5706
354 5707
354 5708
354 5709
354 5710
354 5711
354 5712
355 5713
355 5714
355 5715
355 5716
355 5717
355 5718
355 5719
355 5720
356 5721
356 5722
356 5723
356 5724
356 5725
356 5726
356 5727
356 5728
357 5729
357 5730
357 5731
357 5732
357 5733
357 5734
357 5735
357 5736
358 5737
358 5738
358 5739
358 5740
358 5741
358 5742
358 5743
358 5744
359 5745
359 5746
359 5747
359 5748
359 5749
359 5750
359 5751
359 5752
360 5753
360 5754
360 5755
360 5756
360 5757
360 5758
360 5759
360 5760
