0 0
186 186
15 15
1 1962
1 740
1 1331
1 498
1 1303
1 1009
1 695
1 2274
1 2519
1 1907
1 522
1 1437
1 3
1 1863
1 2175
2 1306
2 1334
2 2039
2 806
2 2766
2 82
2 2144
2 1377
2 771
2 1039
2 1851
2 1831
2 913
2 1970
2 1702
3 2560
3 820
3 1675
3 1284
3 1449
3 1700
3 10
3 2079
3 2464
3 1514
3 186
3 768
3 1693
3 1484
3 312
4 2387
4 1403
4 2222
4 542
4 456
4 407
4 853
4 2763
4 706
4 1613
4 2128
4 667
4 100
4 290
4 108
5 2104
5 2717
5 506
5 749
5 2273
5 1069
5 646
5 1726
5 871
5 226
5 1297
5 1094
5 1673
5 439
5 1050
6 1644
6 1685
6 917
6 2114
6 224
6 738
6 408
6 897
6 2751
6 1286
6 2501
6 2745
6 1077
6 1122
6 574
7 582
7 707
7 884
7 2062
7 366
7 1801
7 97
7 1129
7 836
7 1271
7 2058
7 434
7 1985
7 2309
7 534
8 1040
8 549
8 1788
8 888
8 769
8 352
8 1966
8 258
8 160
8 455
8 1326
8 1055
8 840
8 1880
8 1062
9 2638
9 1256
9 1735
9 513
9 2103
9 659
9 2483
9 2002
9 279
9 937
9 1361
9 295
9 2650
9 2465
9 1627
10 1857
10 601
10 1101
10 2617
10 1472
10 2523
10 1800
10 1839
10 1638
10 1131
10 960
10 2140
10 1007
10 447
10 1130
11 912
11 2118
11 876
11 2481
11 2608
11 2414
11 2139
11 2178
11 1530
11 32
11 1945
11 1946
11 2208
11 1413
11 916
12 1901
12 1845
12 348
12 1574
12 1772
12 802
12 104
12 2109
12 715
12 1569
12 586
12 2759
12 1864
12 523
12 1021
13 345
13 1737
13 1548
13 1318
13 2688
13 135
13 1984
13 1749
13 984
13 357
13 1307
13 214
13 925
13 2265
13 68
14 2778
14 1773
14 372
14 137
14 89
14 273
14 1727
14 1395
14 140
14 813
14 859
14 495
14 1488
14 2197
14 1104
15 777
15 2750
15 2382
15 2492
15 2524
15 538
15 2361
15 1979
15 1178
15 1366
15 181
15 1678
15 1190
15 1580
15 2074
16 772
16 1304
16 663
16 1849
16 681
16 1848
16 234
16 1282
16 708
16 1701
16 1177
16 1804
16 1666
16 509
16 2539
17 1351
17 161
17 2
17 954
17 2595
17 2236
17 1734
17 492
17 578
17 1023
17 754
17 1611
17 1643
17 1239
17 653
18 1747
18 2727
18 2267
18 2761
18 260
18 25
18 511
18 413
18 1051
18 730
18 482
18 386
18 662
18 603
18 2283
19 2764
19 1719
19 2249
19 222
19 891
19 2051
19 1401
19 115
19 709
19 1736
19 2647
19 282
19 2619
19 1990
19 940
20 874
20 2547
20 2631
20 2578
20 179
20 1998
20 344
20 1821
20 1573
20 296
20 1755
20 1353
20 1577
20 1485
20 1595
21 426
21 2063
21 1309
21 2167
21 1502
21 1553
21 645
21 1948
21 1918
21 1941
21 1237
21 1438
21 491
21 2171
21 1125
22 1837
22 2073
22 604
22 2215
22 560
22 1123
22 1218
22 2432
22 2695
22 164
22 2448
22 2461
22 370
22 63
22 1316
23 2668
23 2305
23 2738
23 1823
23 1834
23 2412
23 1002
23 2692
23 2737
23 468
23 1364
23 1278
23 2429
23 1073
23 2499
24 2180
24 193
24 243
24 1884
24 2726
24 860
24 196
24 40
24 1576
24 2551
24 1468
24 686
24 556
24 1605
24 1648
25 1973
25 69
25 1164
25 1220
25 2359
25 438
25 2496
25 1209
25 2702
25 1033
25 347
25 129
25 2291
25 2158
25 1312
26 883
26 892
26 1923
26 928
26 521
26 1829
26 2390
26 356
26 1180
26 2676
26 2048
26 1091
26 463
26 1003
26 365
27 1167
27 661
27 1841
27 514
27 2087
27 1224
27 2306
27 710
27 1520
27 1436
27 920
27 287
27 2343
27 626
27 628
28 1024
28 2554
28 2742
28 1430
28 2674
28 2137
28 520
28 2165
28 767
28 1202
28 2679
28 517
28 2788
28 321
28 727
29 503
29 382
29 2204
29 1016
29 1975
29 1378
29 2229
29 2392
29 421
29 2029
29 976
29 2152
29 1885
29 2728
29 2221
30 116
30 814
30 33
30 1742
30 818
30 1943
30 1516
30 1906
30 2470
30 991
30 585
30 1207
30 1110
30 518
30 391
31 2358
31 1475
31 362
31 1531
31 1254
31 1070
31 1489
31 158
31 1397
31 1836
31 1114
31 2789
31 1490
31 1068
31 2424
32 1824
32 2660
32 2245
32 212
32 1322
32 2349
32 2593
32 1392
32 693
32 275
32 2618
32 2383
32 658
32 1933
32 827
33 1544
33 363
33 963
33 2021
33 262
33 2787
33 392
33 141
33 951
33 2588
33 2520
33 2405
33 2632
33 2510
33 1168
34 698
34 259
34 828
34 2250
34 2704
34 1071
34 478
34 2562
34 2564
34 744
34 353
34 2569
34 2155
34 1914
34 1858
35 2136
35 788
35 2363
35 380
35 216
35 292
35 789
35 1686
35 1365
35 1411
35 1992
35 440
35 1238
35 2246
35 2730
36 1161
36 1291
36 2105
36 719
36 1415
36 59
36 1872
36 1320
36 1476
36 543
36 1433
36 267
36 1835
36 98
36 2164
37 1059
37 76
37 359
37 700
37 873
37 2648
37 2611
37 923
37 1174
37 1974
37 1248
37 2331
37 230
37 264
37 729
38 2734
38 477
38 1940
38 1486
38 346
38 1547
38 85
38 2003
38 371
38 2533
38 195
38 2602
38 1718
38 2385
38 2078
39 1794
39 1926
39 1265
39 481
39 27
39 2758
39 2328
39 1136
39 1587
39 2572
39 2468
39 1631
39 2570
39 445
39 2512
40 2391
40 2056
40 1028
40 2686
40 1997
40 647
40 454
40 1166
40 2016
40 1796
40 877
40 199
40 1362
40 2683
40 852
41 1915
41 2426
41 1106
41 2663
41 1460
41 1134
41 1740
41 334
41 755
41 2529
41 307
41 332
41 642
41 699
41 1246
42 2259
42 291
42 1909
42 50
42 1414
42 1120
42 1258
42 1766
42 2064
42 2077
42 1035
42 162
42 2413
42 1142
42 2135
43 1191
43 2310
43 1781
43 2654
43 1770
43 1746
43 1386
43 2122
43 106
43 649
43 1474
43 581
43 2026
43 2580
43 2532
44 242
44 1534
44 911
44 2722
44 2583
44 1018
44 2506
44 2212
44 786
44 1479
44 1317
44 169
44 1244
44 1722
44 857
45 1469
45 1802
45 1602
45 2366
45 165
45 2457
45 1890
45 1523
45 2705
45 1658
45 1084
45 1072
45 2138
45 1330
45 2010
46 2606
46 606
46 1692
46 1216
46 1777
46 1416
46 1099
46 1447
46 2672
46 809
46 955
46 1695
46 1601
46 425
46 1046
47 2530
47 679
47 1480
47 2397
47 952
47 800
47 815
47 1723
47 1995
47 632
47 2748
47 1761
47 2213
47 1768
47 2667
48 1296
48 2781
48 155
48 590
48 2752
48 1115
48 2649
48 1956
48 1554
48 1089
48 1743
48 638
48 974
48 394
48 2402
49 378
49 539
49 2703
49 2244
49 2513
49 1513
49 770
49 1953
49 494
49 776
49 1832
49 449
49 1748
49 1118
49 2339
50 2451
50 72
50 1996
50 792
50 12
50 1721
50 573
50 294
50 320
50 1709
50 822
50 423
50 2186
50 1285
50 2743
51 1175
51 1584
51 1507
51 1058
51 2240
51 168
51 1710
51 1767
51 1494
51 1339
51 2684
51 487
51 1991
51 131
51 2503
52 2786
52 2286
52 1677
52 2675
52 322
52 728
52 2242
52 2129
52 218
52 1420
52 1518
52 64
52 1820
52 2425
52 1063
53 1319
53 1387
53 2681
53 2652
53 1646
53 1635
53 2354
53 2755
53 1954
53 1082
53 2127
53 1011
53 966
53 1301
53 547
54 572
54 2785
54 125
54 924
54 47
54 1986
54 714
54 2258
54 2484
54 1014
54 499
54 1951
54 2230
54 2450
54 1236
55 241
55 416
55 1151
55 2220
55 79
55 2157
55 594
55 2724
55 1993
55 2394
55 1689
55 444
55 1660
55 2319
55 250
56 2233
56 1833
56 1778
56 2086
56 535
56 532
56 1259
56 43
56 674
56 1815
56 682
56 1065
56 2376
56 1596
56 1540
57 629
57 525
57 2467
57 1850
57 1076
57 1344
57 837
57 2659
57 2193
57 1537
57 561
57 978
57 2720
57 2045
57 1321
58 381
58 21
58 483
58 2511
58 592
58 1374
58 49
58 2042
58 1008
58 697
58 37
58 1383
58 618
58 2182
58 1464
59 62
59 1148
59 1955
59 1431
59 1698
59 325
59 1593
59 96
59 253
59 400
59 1818
59 1453
59 2581
59 1426
59 791
60 1899
60 2490
60 240
60 1081
60 1622
60 2248
60 1633
60 1939
60 2508
60 1302
60 2304
60 1655
60 2698
60 2205
60 867
61 1112
61 1206
61 607
61 114
61 998
61 1197
61 1669
61 44
61 552
61 1492
61 2428
61 2318
61 1208
61 1729
61 1653
62 580
62 1355
62 373
62 248
62 1417
62 1440
62 2161
62 1758
62 191
62 2443
62 1728
62 1203
62 1517
62 4
62 2102
63 1412
63 969
63 124
63 2399
63 1293
63 630
63 2017
63 2384
63 1234
63 34
63 678
63 1509
63 221
63 537
63 967
64 1597
64 93
64 1107
64 2485
64 2317
64 759
64 1639
64 1714
64 887
64 651
64 810
64 2037
64 702
64 2640
64 1102
65 1171
65 1053
65 983
65 2587
65 271
65 406
65 2015
65 1340
65 1676
65 2721
65 986
65 2475
65 844
65 732
65 1159
66 1233
66 2584
66 119
66 1124
66 2050
66 142
66 6
66 2552
66 593
66 1380
66 611
66 433
66 1337
66 1699
66 782
67 128
67 862
67 1465
67 733
67 1281
67 504
67 1373
67 1458
67 1305
67 2365
67 1830
67 2055
67 1269
67 1289
67 2767
68 1079
68 315
68 972
68 2697
68 473
68 1799
68 139
68 1682
68 178
68 2504
68 1512
68 825
68 215
68 2409
68 1898
69 757
69 2645
69 832
69 399
69 2099
69 1263
69 335
69 2600
69 369
69 762
69 795
69 163
69 2166
69 2661
69 1182
70 1847
70 57
70 1733
70 2163
70 2592
70 1690
70 2279
70 2780
70 964
70 1133
70 2525
70 569
70 1013
70 2594
70 2154
71 231
71 2493
71 779
71 962
71 1272
71 880
71 803
71 1360
71 1173
71 2623
71 23
71 2744
71 2585
71 1930
71 1764
72 655
72 1247
72 1789
72 1608
72 2276
72 1806
72 1424
72 1434
72 831
72 2417
72 1535
72 1186
72 1219
72 1315
72 2449
73 1811
73 66
73 1571
73 1478
73 152
73 2377
73 2143
73 123
73 1883
73 551
73 668
73 41
73 2187
73 2469
73 227
74 1732
74 654
74 1760
74 1274
74 80
74 885
74 2770
74 2739
74 1323
74 1222
74 2712
74 1215
74 1592
74 2061
74 510
75 1636
75 2558
75 2495
75 915
75 2665
75 319
75 2603
75 2292
75 2563
75 144
75 2335
75 2784
75 397
75 1017
75 1712
76 1156
76 2201
76 1088
76 1913
76 2762
76 2093
76 882
76 562
76 830
76 1212
76 110
76 2199
76 2251
76 1450
76 1819
77 2433
77 2262
77 1853
77 2168
77 2538
77 756
77 1491
77 1606
77 1586
77 442
77 533
77 2774
77 1765
77 1826
77 1869
78 2637
78 1683
78 936
78 45
78 1250
78 339
78 1187
78 1356
78 1952
78 2113
78 1797
78 1463
78 1333
78 2662
78 2321
79 2677
79 2332
79 1753
79 624
79 1020
79 122
79 906
79 2473
79 1780
79 1095
79 480
79 979
79 1704
79 1874
79 2406
80 1004
80 536
80 875
80 879
80 855
80 675
80 2277
80 1621
80 526
80 1275
80 927
80 1057
80 805
80 1332
80 210
81 1154
81 1663
81 309
81 2082
81 1565
81 764
81 1865
81 1647
81 485
81 743
81 58
81 2528
81 2100
81 2235
81 2162
82 1536
82 1043
82 807
82 2635
82 2616
82 1442
82 524
82 8
82 1610
82 1922
82 1609
82 1917
82 343
82 192
82 703
83 564
83 117
83 1083
83 2444
83 385
83 351
83 1989
83 1456
83 1583
83 975
83 2498
83 621
83 2670
83 1163
83 997
84 77
84 639
84 1138
84 1555
84 2133
84 2410
84 2500
84 74
84 2352
84 1862
84 636
84 2753
84 1098
84 2735
84 2169
85 2515
85 2046
85 1904
85 1717
85 2561
85 620
85 2124
85 327
85 2694
85 2620
85 1328
85 2107
85 953
85 2298
85 2216
86 1470
86 1579
86 2553
86 1645
86 854
86 1541
86 1521
86 2723
86 1006
86 1324
86 2190
86 166
86 650
86 121
86 2597
87 1409
87 60
87 1558
87 778
87 266
87 1346
87 1139
87 20
87 2040
87 2290
87 469
87 742
87 342
87 683
87 2411
88 2194
88 2206
88 2247
88 2466
88 170
88 52
88 405
88 2541
88 558
88 1598
88 2586
88 2535
88 28
88 1763
88 2072
89 829
89 1687
89 1418
89 1425
89 1223
89 1419
89 2462
89 2381
89 171
89 1116
89 175
89 901
89 1345
89 1886
89 2185
90 1563
90 1369
90 1670
90 2540
90 147
90 2088
90 249
90 2311
90 2370
90 1519
90 203
90 731
90 188
90 1619
90 1260
91 239
91 2053
91 479
91 1152
91 1267
91 2626
91 289
91 2312
91 2272
91 2693
91 1591
91 2472
91 268
91 1871
91 2509
92 2639
92 2685
92 379
92 324
92 286
92 1539
92 799
92 1283
92 1300
92 2372
92 228
92 739
92 1229
92 1927
92 1649
93 690
93 633
93 2340
93 2069
93 326
93 26
93 2351
93 2612
93 133
93 673
93 2327
93 718
93 1205
93 2101
93 1977
94 1308
94 1052
94 1310
94 1603
94 1080
94 1564
94 804
94 2094
94 1041
94 1919
94 989
94 589
94 459
94 2576
94 516
95 2689
95 1400
95 2355
95 2362
95 1713
95 126
95 2453
95 2134
95 368
95 105
95 1126
95 146
95 531
95 1793
95 1493
96 410
96 664
96 1928
96 987
96 694
96 2505
96 689
96 1398
96 2775
96 1074
96 1629
96 1920
96 557
96 1137
96 1455
97 2018
97 189
97 781
97 2173
97 1750
97 1227
97 1543
97 794
97 2364
97 2012
97 209
97 941
97 623
97 1245
97 748
98 1181
98 1916
98 42
98 2716
98 1623
98 419
98 692
98 1528
98 934
98 2641
98 1867
98 1958
98 2454
98 1299
98 466
99 2749
99 785
99 2112
99 1262
99 988
99 1947
99 2438
99 341
99 1169
99 1048
99 1896
99 2067
99 1448
99 1844
99 1895
100 914
100 54
100 233
100 489
100 1432
100 2038
100 2014
100 1100
100 1707
100 2059
100 1754
100 1910
100 2386
100 1696
100 591
101 1158
101 300
101 2596
101 437
101 584
101 1567
101 1228
101 1581
101 2202
101 1144
101 2502
101 15
101 1944
101 2314
101 1795
102 726
102 1170
102 1976
102 846
102 985
102 2629
102 2043
102 1155
102 1711
102 530
102 2725
102 2210
102 529
102 1506
102 1225
103 575
103 1542
103 2368
103 387
103 1313
103 996
103 1026
103 1525
103 1522
103 750
103 1641
103 1252
103 893
103 1812
103 1086
104 2068
104 2284
104 190
104 2646
104 1888
104 1929
104 943
104 1111
104 605
104 159
104 446
104 2326
104 65
104 1983
104 1000
105 2231
105 1031
105 1891
105 272
105 848
105 835
105 819
105 261
105 565
105 429
105 2252
105 2119
105 310
105 1179
105 448
106 598
106 938
106 367
106 1762
106 2214
106 2706
106 1435
106 1015
106 684
106 1382
106 2035
106 1774
106 18
106 775
106 1870
107 1508
107 587
107 2760
107 1232
107 337
107 2234
107 567
107 1861
107 1044
107 527
107 2435
107 14
107 890
107 2714
107 2181
108 225
108 1873
108 1357
108 1817
108 2633
108 559
108 1585
108 462
108 508
108 2159
108 1600
108 1932
108 2281
108 157
108 2548
109 1214
109 2482
109 2480
109 2049
109 1439
109 1146
109 2280
109 331
109 2329
109 1505
109 217
109 1335
109 86
109 1852
109 2653
110 1189
110 1061
110 1894
110 2156
110 2408
110 627
110 2189
110 1503
110 1406
110 512
110 672
110 198
110 824
110 2731
110 774
111 1483
111 149
111 1140
111 948
111 1025
111 2690
111 999
111 432
111 1688
111 2452
111 1911
111 2463
111 722
111 741
111 2226
112 918
112 1213
112 2531
112 929
112 2052
112 38
112 644
112 95
112 1557
112 1630
112 2081
112 2701
112 2544
112 2699
112 1887
113 2006
113 2150
113 1779
113 2091
113 765
113 1049
113 2379
113 812
113 237
113 1421
113 947
113 2098
113 2255
113 2420
113 1279
114 31
114 793
114 861
114 817
114 637
114 417
114 2211
114 595
114 1810
114 276
114 2680
114 1889
114 2019
114 2360
114 1594
115 2375
115 182
115 1912
115 1674
115 150
115 349
115 2131
115 205
115 1771
115 317
115 968
115 507
115 1459
115 2590
115 330
116 73
116 184
116 1045
116 1298
116 2347
116 1791
116 2782
116 773
116 1157
116 665
116 1127
116 2718
116 336
116 935
116 1994
117 2217
117 1744
117 490
117 298
117 849
117 666
117 2334
117 1451
117 1393
117 1153
117 1538
117 409
117 977
117 1827
117 2111
118 154
118 2090
118 2477
118 1978
118 219
118 1473
118 970
118 1964
118 1372
118 2741
118 1067
118 1030
118 1359
118 790
118 856
119 872
119 2371
119 1005
119 2768
119 2407
119 1691
119 1221
119 1352
119 1196
119 1876
119 868
119 1589
119 1566
119 541
119 1287
120 2389
120 2260
120 2627
120 340
120 51
120 130
120 1961
120 2256
120 752
120 680
120 2121
120 2123
120 1379
120 396
120 355
121 2275
121 460
121 1661
121 278
121 2342
121 2380
121 2707
121 88
121 2117
121 519
121 1211
121 493
121 302
121 540
121 1121
122 252
122 2772
122 1570
122 1637
122 1546
122 1036
122 505
122 24
122 808
122 1060
122 691
122 2299
122 1270
122 2253
122 2036
123 16
123 112
123 528
123 1388
123 798
123 1881
123 945
123 48
123 910
123 932
123 1371
123 1027
123 1846
123 1444
123 187
124 1769
124 1384
124 687
124 2348
124 1784
124 2353
124 318
124 411
124 588
124 842
124 2030
124 1562
124 1066
124 2598
124 1671
125 2589
125 364
125 2324
125 2715
125 2241
125 2338
125 1176
125 1010
125 246
125 2527
125 412
125 2268
125 737
125 1665
125 308
126 2108
126 992
126 1038
126 2651
126 1172
126 1560
126 145
126 563
126 811
126 1925
126 2192
126 1628
126 1343
126 1389
126 2145
127 1363
127 747
127 1612
127 2521
127 1659
127 2320
127 78
127 1423
127 2442
127 2302
127 2025
127 2765
127 959
127 896
127 2373
128 635
128 134
128 2356
128 889
128 2740
128 497
128 2228
128 2313
128 1550
128 2147
128 2028
128 118
128 207
128 430
128 2416
129 1268
129 1556
129 2543
129 1336
129 894
129 2471
129 787
129 323
129 1255
129 981
129 1290
129 61
129 2507
129 2522
129 2198
130 431
130 615
130 1908
130 1656
130 361
130 1559
130 1368
130 2115
130 2557
130 609
130 1642
130 841
130 403
130 2666
130 132
131 1868
131 909
131 1607
131 2183
131 136
131 424
131 2257
131 1090
131 1551
131 1241
131 1672
131 2388
131 1404
131 1405
131 2732
132 685
132 1349
132 2664
132 103
132 712
132 949
132 994
132 1532
132 1936
132 863
132 2542
132 1968
132 70
132 283
132 2188
133 472
133 2278
133 107
133 2601
133 713
133 1652
133 1842
133 254
133 554
133 1879
133 1684
133 958
133 360
133 99
133 2287
134 2132
134 2008
134 1511
134 1445
134 2031
134 902
134 2005
134 2400
134 1533
134 1893
134 202
134 311
134 2004
134 973
134 109
135 1706
135 2573
135 1599
135 1716
135 2333
135 2323
135 2559
135 11
135 2549
135 2034
135 13
135 2126
135 2656
135 422
135 2404
136 256
136 2089
136 1840
136 194
136 903
136 1809
136 389
136 2032
136 263
136 2294
136 172
136 67
136 1931
136 1731
136 2282
137 2191
137 2431
137 2630
137 213
137 84
137 619
137 1113
137 329
137 1616
137 2497
137 2084
137 2771
137 2264
137 1625
137 2687
138 904
138 2769
138 2729
138 1402
138 2149
138 2044
138 465
138 1277
138 1724
138 2776
138 180
138 2130
138 328
138 284
138 922
139 1160
139 613
139 1786
139 990
139 625
139 2403
139 101
139 622
139 2434
139 1816
139 1866
139 1341
139 383
139 1194
139 83
140 2297
140 1251
140 2550
140 2575
140 1410
140 696
140 2393
140 1703
140 2777
140 2266
140 1739
140 2057
140 9
140 2591
140 297
141 2621
141 2691
141 2398
141 2419
141 545
141 570
141 2517
141 724
141 2322
141 1828
141 2285
141 148
141 1632
141 2225
141 2610
142 1877
142 2746
142 2270
142 458
142 1924
142 1184
142 1243
142 457
142 688
142 2095
142 1668
142 1462
142 2421
142 2657
142 285
143 2007
143 878
143 1117
143 550
143 2160
143 2295
143 120
143 2224
143 2330
143 2567
143 1329
143 2526
143 2700
143 2378
143 1999
144 640
144 1582
144 1500
144 643
144 2671
144 816
144 1495
144 965
144 173
144 428
144 201
144 280
144 2023
144 2345
144 1
145 1266
145 1461
145 1162
145 1198
145 648
145 641
145 576
145 2177
145 946
145 2790
145 2223
145 1394
145 415
145 761
145 869
146 2263
146 1634
146 2427
146 1897
146 544
146 2625
146 1210
146 1056
146 2536
146 944
146 94
146 656
146 185
146 2447
146 2571
147 1408
147 838
147 1230
147 1935
147 1759
147 577
147 1132
147 2009
147 19
147 2116
147 2491
147 1348
147 1195
147 1427
147 2514
148 926
148 1604
148 1292
148 496
148 939
148 1354
148 1694
148 90
148 306
148 1481
148 2736
148 839
148 870
148 1201
148 2460
149 548
149 1325
149 1350
149 304
149 2747
149 1001
149 1047
149 2696
149 957
149 1561
149 1370
149 2085
149 1705
149 1443
149 2607
150 612
150 1938
150 933
150 823
150 2110
150 1273
150 2708
150 1902
150 2476
150 705
150 1396
150 2341
150 374
150 2733
150 102
151 1109
151 223
151 1085
151 2458
151 676
151 2436
151 2344
151 1776
151 1856
151 22
151 1798
151 1552
151 2441
151 2628
151 677
152 930
152 898
152 229
152 610
152 2070
152 418
152 2232
152 669
152 1878
152 2269
152 2669
152 338
152 553
152 555
152 1657
153 245
153 350
153 354
153 599
153 467
153 1042
153 2613
153 608
153 1441
153 36
153 2622
153 1504
153 2357
153 1407
153 614
154 801
154 982
154 1452
154 1957
154 395
154 2488
154 2080
154 461
154 1972
154 288
154 1982
154 274
154 1012
154 980
154 2430
155 220
155 766
155 436
155 265
155 1150
155 402
155 2644
155 908
155 1342
155 1854
155 1860
155 2624
155 1200
155 2658
155 1664
156 208
156 2172
156 596
156 2440
156 2033
156 404
156 2614
156 1280
156 238
156 783
156 2754
156 1217
156 2325
156 2196
156 2710
157 30
157 2060
157 1680
157 1497
157 1226
157 1092
157 2423
157 858
157 2642
157 1745
157 711
157 1697
157 2709
157 257
157 305
158 833
158 450
158 1141
158 2478
158 1614
158 1756
158 1813
158 1240
158 1921
158 206
158 414
158 1807
158 784
158 2489
158 1725
159 2577
159 2218
159 46
159 2474
159 1510
159 919
159 1257
159 1199
159 2148
159 797
159 314
159 2479
159 1526
159 1757
159 1980
160 1969
160 583
160 616
160 1276
160 2446
160 204
160 1708
160 763
160 2604
160 1751
160 734
160 716
160 995
160 232
160 701
161 1288
161 1843
161 1624
161 1681
161 2293
161 1626
161 546
161 2013
161 1327
161 2316
161 1617
161 127
161 1527
161 1960
161 2418
162 2455
162 5
162 1790
162 2459
162 760
162 183
162 670
162 1949
162 1738
162 900
162 745
162 1108
162 1087
162 2066
162 471
163 907
163 2487
163 1838
163 301
163 746
163 1515
163 2757
163 2518
163 1496
163 1231
163 75
163 1950
163 2486
163 1385
163 2415
164 1188
164 821
164 2174
164 2456
164 2395
164 1454
164 7
164 2779
164 2096
164 316
164 597
164 2537
164 931
164 2054
164 1785
165 2307
165 235
165 1615
165 1981
165 1501
165 1183
165 568
165 1568
165 850
165 2605
165 167
165 1859
165 1119
165 2001
165 780
166 2261
166 2369
166 956
166 2303
166 92
166 1650
166 1482
166 443
166 2315
166 1358
166 269
166 895
166 1390
166 476
166 177
167 1988
167 2599
167 1032
167 299
167 1149
167 1892
167 1471
167 1096
167 2289
167 834
167 2024
167 333
167 251
167 1143
167 865
168 502
168 1618
168 29
168 1375
168 2075
168 971
168 401
168 634
168 2582
168 2200
168 2047
168 2568
168 441
168 2773
168 1037
169 899
169 2209
169 2296
169 2243
169 566
169 2555
169 1192
169 1875
169 1822
169 1792
169 735
169 631
169 486
169 660
169 1311
170 2092
170 1730
170 1064
170 2682
170 500
170 725
170 293
170 2170
170 303
170 377
170 1963
170 1075
170 1783
170 2151
170 717
171 1720
171 2634
171 1128
171 488
171 1971
171 2300
171 55
171 657
171 905
171 1399
171 2437
171 435
171 1549
171 2184
171 1741
172 2142
172 71
172 993
172 571
172 1679
172 151
172 1808
172 277
172 2065
172 2000
172 1467
172 1446
172 1775
172 2556
172 111
173 1428
173 501
173 2516
173 1264
173 1147
173 1093
173 1942
173 1367
173 1022
173 452
173 375
173 1477
173 470
173 723
173 1376
174 1242
174 1715
174 851
174 2146
174 864
174 845
174 2301
174 376
174 2783
174 1338
174 2643
174 2207
174 2227
174 35
174 1294
175 1524
175 1193
175 2271
175 2713
175 1466
175 1654
175 451
175 2609
175 2655
175 53
175 1422
175 1903
175 420
175 2120
175 244
176 2238
176 1572
176 2719
176 1620
176 1261
176 1105
176 2239
176 950
176 281
176 1934
176 1135
176 1575
176 1967
176 1937
176 358
177 753
177 2288
177 515
177 176
177 2711
177 886
177 390
177 579
177 1588
177 2546
177 384
177 475
177 652
177 87
177 1803
178 2337
178 2071
178 255
178 1391
178 751
178 1029
178 2176
178 2439
178 1905
178 156
178 2219
178 1651
178 961
178 200
178 2756
179 1204
179 881
179 2153
179 1498
179 1987
179 474
179 270
179 1103
179 17
179 2636
179 1185
179 2396
179 1165
179 56
179 758
180 602
180 1640
180 1782
180 2308
180 2350
180 313
180 1487
180 847
180 1249
180 39
180 236
180 2106
180 2336
180 427
180 1019
181 2401
181 91
181 1825
181 1578
181 1590
181 2141
181 2445
181 1787
181 2195
181 2027
181 796
181 247
181 393
181 2367
181 81
182 2179
182 720
182 1805
182 721
182 1529
182 2494
182 1145
182 1097
182 1662
182 138
182 1959
182 1054
182 398
182 1752
182 2673
183 2678
183 1814
183 2041
183 2022
183 484
183 1347
183 671
183 388
183 1900
183 1253
183 2574
183 1667
183 704
183 2097
183 600
184 1078
184 843
184 2545
184 2125
184 453
184 153
184 1381
184 1034
184 143
184 1429
184 2579
184 2254
184 2374
184 2083
184 1882
185 1314
185 2076
185 1499
185 1295
185 2237
185 736
185 197
185 826
185 2203
185 1545
185 2565
185 1965
185 921
185 464
185 2422
186 617
186 2346
186 942
186 1855
186 2615
186 1457
186 2011
186 174
186 2534
186 211
186 2566
186 1235
186 866
186 2020
186 113
1 4180
1 2885
1 4413
1 5194
1 4087
1 4807
1 5352
1 3748
1 4959
1 5542
1 2964
1 5236
1 5357
1 3863
1 5110
2 3280
2 4395
2 4669
2 5179
2 3512
2 5039
2 3141
2 4071
2 2867
2 3792
2 4135
2 5130
2 4548
2 2819
2 4219
3 3806
3 3936
3 3143
3 4831
3 3754
3 5537
3 4552
3 3442
3 4819
3 3403
3 2976
3 4610
3 4168
3 4252
3 4909
4 4345
4 4960
4 3702
4 4188
4 4629
4 5359
4 4497
4 4588
4 5098
4 4836
4 5539
4 3076
4 3872
4 5220
4 3388
5 3971
5 4393
5 3016
5 5446
5 4038
5 5080
5 2900
5 5580
5 4859
5 4798
5 4490
5 3949
5 3054
5 5166
5 3483
6 4148
6 4348
6 3948
6 5086
6 5378
6 5485
6 4287
6 4534
6 3287
6 4815
6 4121
6 5048
6 4968
6 3976
6 4821
7 5552
7 4162
7 3433
7 5424
7 4373
7 3497
7 3719
7 4763
7 5335
7 4906
7 4140
7 5215
7 4847
7 3691
7 4389
8 3541
8 5075
8 4285
8 3721
8 4224
8 5189
8 4728
8 4119
8 3835
8 5307
8 3150
8 4648
8 3553
8 3470
8 5389
9 4638
9 2986
9 3276
9 4678
9 3025
9 4562
9 5248
9 5342
9 4150
9 4838
9 3956
9 4440
9 5550
9 3273
9 3097
10 5372
10 5491
10 3960
10 3928
10 4507
10 4977
10 2909
10 2866
10 4880
10 3575
10 2849
10 4742
10 4911
10 4523
10 4367
11 4881
11 4966
11 5361
11 3985
11 3624
11 3540
11 2969
11 3292
11 5001
11 4719
11 5031
11 5277
11 5003
11 4780
11 3098
12 3590
12 4294
12 3197
12 3337
12 4178
12 2993
12 4826
12 4452
12 2824
12 4540
12 5170
12 5255
12 3940
12 5360
12 5457
13 5145
13 5119
13 3129
13 2918
13 3525
13 4773
13 3314
13 2949
13 4142
13 4165
13 5505
13 3258
13 4701
13 5317
13 3603
14 3228
14 3536
14 4939
14 5483
14 4568
14 4735
14 2980
14 3578
14 2856
14 5403
14 3284
14 4652
14 5026
14 5249
14 5030
15 5303
15 2821
15 2936
15 4839
15 4266
15 3645
15 4893
15 2859
15 4510
15 4372
15 4768
15 4947
15 4362
15 3825
15 4335
16 3326
16 3229
16 4342
16 4860
16 3864
16 4409
16 4264
16 3437
16 4766
16 5348
16 3810
16 4775
16 3420
16 3248
16 3868
17 3064
17 5418
17 4862
17 4980
17 4473
17 2924
17 3286
17 3604
17 4233
17 3080
17 4945
17 4827
17 3003
17 2825
17 4898
18 4314
18 2887
18 4363
18 3434
18 5356
18 4943
18 5405
18 5137
18 4145
18 3756
18 4985
18 3269
18 3680
18 3700
18 3189
19 3449
19 4869
19 5345
19 2894
19 3611
19 4286
19 4077
19 4857
19 4451
19 3478
19 3587
19 3124
19 3330
19 4388
19 5470
20 4761
20 4352
20 4306
20 3283
20 2804
20 3952
20 2908
20 4934
20 3592
20 3419
20 5478
20 4034
20 5195
20 5573
20 2982
21 4435
21 5272
21 3637
21 2873
21 3081
21 4227
21 3158
21 3113
21 3050
21 3641
21 5343
21 3671
21 4920
21 4684
21 4726
22 3485
22 3850
22 3670
22 2972
22 4174
22 3200
22 4940
22 4407
22 4973
22 2802
22 2829
22 3397
22 3833
22 3266
22 4736
23 3632
23 3275
23 3261
23 5209
23 4005
23 3009
23 5507
23 4488
23 3828
23 5571
23 5146
23 4744
23 3523
23 4998
23 5369
24 3998
24 3710
24 5410
24 4113
24 5510
24 3677
24 4590
24 5442
24 3762
24 5326
24 4503
24 4343
24 4560
24 3800
24 3431
25 3059
25 3282
25 4990
25 3945
25 3119
25 3092
25 4047
25 3577
25 4465
25 4035
25 3334
25 4516
25 3060
25 5318
25 2827
26 3183
26 4341
26 4410
26 3842
26 4670
26 3408
26 3362
26 3176
26 5155
26 3902
26 4661
26 3855
26 5270
26 3303
26 4025
27 2940
27 5427
27 5143
27 5113
27 3683
27 4299
27 3148
27 4885
27 4379
27 4026
27 5377
27 3105
27 3138
27 5016
27 4298
28 3873
28 4461
28 3885
28 4708
28 4333
28 3223
28 4921
28 4915
28 5061
28 4129
28 3916
28 3823
28 2928
28 4470
28 3032
29 3021
29 5526
29 3208
29 3528
29 3178
29 3047
29 3207
29 2860
29 3331
29 4878
29 3856
29 2960
29 5275
29 4931
29 4704
30 5163
30 5182
30 4949
30 3657
30 3532
30 4858
30 5235
30 2886
30 4718
30 3910
30 3758
30 4010
30 4544
30 2814
30 5141
31 4581
31 4584
31 4354
31 3476
31 4801
31 4105
31 4045
31 3747
31 4331
31 3343
31 4386
31 5167
31 4172
31 5032
31 2938
32 3083
32 3086
32 3869
32 3730
32 5497
32 5420
32 3063
32 3375
32 3975
32 3520
32 5128
32 3324
32 5310
32 4770
32 2981
33 4910
33 4865
33 4539
33 5408
33 3415
33 5221
33 5425
33 4575
33 4137
33 4882
33 2920
33 4820
33 3342
33 4778
33 5066
34 4700
34 4422
34 5077
34 3784
34 4738
34 4697
34 3770
34 4184
34 2858
34 4725
34 4630
34 4420
34 3401
34 4569
34 4682
35 3251
35 5109
35 2935
35 5380
35 3227
35 5453
35 3102
35 5120
35 4894
35 3879
35 3929
35 4868
35 3511
35 4850
35 4956
36 4942
36 4989
36 3554
36 4128
36 3231
36 4515
36 4370
36 3786
36 2872
36 2868
36 3803
36 3078
36 3052
36 4622
36 4072
37 4210
37 3782
37 3436
37 3137
37 3529
37 3128
37 4487
37 5330
37 3638
37 3395
37 3725
37 4186
37 4752
37 4855
37 5256
38 5071
38 3939
38 3458
38 5135
38 5436
38 2947
38 2977
38 4332
38 4334
38 4984
38 4063
38 3191
38 3875
38 5177
38 4498
39 3421
39 3168
39 4867
39 4591
39 3628
39 3924
39 4318
39 3772
39 3393
39 4067
39 5076
39 3456
39 4408
39 4308
39 2803
40 3322
40 4783
40 4835
40 3594
40 4290
40 3718
40 5045
40 4995
40 3866
40 3852
40 3801
40 4699
40 3058
40 5112
40 2883
41 2878
41 4541
41 5429
41 4656
41 5243
41 5047
41 4374
41 3703
41 2965
41 5193
41 4284
41 3958
41 3309
41 4483
41 5148
42 5438
42 3506
42 3498
42 3095
42 4220
42 3791
42 3242
42 2961
42 4058
42 4743
42 5242
42 4935
42 5313
42 4600
42 5364
43 3605
43 4017
43 5138
43 5104
43 4764
43 5257
43 4611
43 3953
43 3729
43 2823
43 3328
43 2956
43 4196
43 3035
43 5579
44 3217
44 3728
44 4888
44 4776
44 5263
44 4612
44 4634
44 4937
44 4863
44 4211
44 5064
44 3181
44 3057
44 3293
44 3360
45 3246
45 3663
45 4494
45 5523
45 2865
45 4146
45 4978
45 4952
45 4961
45 4098
45 3486
45 4737
45 5237
45 3676
45 3845
46 3778
46 4791
46 3306
46 4683
46 3074
46 3355
46 5012
46 3722
46 4941
46 5376
46 5422
46 4402
46 5411
46 3548
46 3356
47 4009
47 4160
47 4547
47 3644
47 3790
47 5426
47 5291
47 4522
47 4259
47 4840
47 4680
47 3550
47 3219
47 5459
47 4198
48 3861
48 3573
48 3167
48 2999
48 4676
48 4631
48 3018
48 5131
48 3339
48 5500
48 3892
48 3987
48 5122
48 3440
48 4543
49 3110
49 4531
49 4749
49 4654
49 3237
49 5247
49 3448
49 4551
49 4837
49 4081
49 3726
49 2944
49 3405
49 4472
49 4061
50 4615
50 2796
50 5183
50 4598
50 5181
50 2809
50 5097
50 4706
50 5240
50 3347
50 4653
50 5208
50 5250
50 3522
50 3983
51 3135
51 5081
51 3084
51 4730
51 5027
51 3109
51 4602
51 4607
51 3236
51 3549
51 4099
51 3130
51 4794
51 5508
51 3239
52 3416
52 3302
52 4247
52 4720
52 3959
52 2937
52 2903
52 5320
52 3804
52 2845
52 3118
52 4459
52 3039
52 3588
52 5079
53 3508
53 4642
53 5095
53 4991
53 4455
53 5441
53 2984
53 4437
53 4201
53 3121
53 3516
53 5564
53 5350
53 2895
53 5334
54 3775
54 5117
54 4987
54 3333
54 5305
54 3783
54 5060
54 3359
54 3011
54 4158
54 3430
54 4441
54 4645
54 5043
54 5388
55 4709
55 3981
55 5501
55 3965
55 3313
55 3030
55 4564
55 2851
55 4117
55 5520
55 5203
55 3404
55 5204
55 4811
55 3214
56 4139
56 3653
56 4692
56 3496
56 3473
56 3817
56 5416
56 3027
56 4029
56 3560
56 2876
56 4785
56 3931
56 2875
56 4203
57 4130
57 3338
57 2954
57 4179
57 3034
57 3175
57 4477
57 5015
57 4075
57 5561
57 3930
57 3117
57 3271
57 2831
57 4383
58 3423
58 3919
58 4576
58 3177
58 3581
58 4762
58 5349
58 3672
58 5477
58 5186
58 4159
58 4659
58 3017
58 5394
58 4953
59 4236
59 5161
59 3391
59 5404
59 4646
59 4466
59 3465
59 5159
59 4319
59 4491
59 4804
59 5201
59 4134
59 2847
59 3738
60 4717
60 5191
60 3377
60 3938
60 5280
60 4271
60 3428
60 5231
60 3970
60 4922
60 4903
60 3913
60 4746
60 5324
60 3682
61 5147
61 3679
61 3640
61 4328
61 5267
61 3923
61 4651
61 3973
61 5402
61 5325
61 5473
61 5202
61 4122
61 3713
61 3519
62 4851
62 5022
62 5055
62 4111
62 4524
62 4446
62 3545
62 3853
62 3851
62 3732
62 5274
62 4627
62 3500
62 2844
62 5578
63 2822
63 3319
63 3751
63 3555
63 3094
63 2842
63 4933
63 3815
63 4912
63 3569
63 3265
63 5245
63 5084
63 3022
63 3392
64 4499
64 3463
64 4707
64 5460
64 3294
64 5321
64 4423
64 2973
64 4349
64 3788
64 4834
64 4810
64 3199
64 4954
64 3441
65 3386
65 3895
65 5514
65 4083
65 5094
65 2836
65 4902
65 4877
65 2906
65 3472
65 4391
65 4596
65 3376
65 3257
65 5211
66 3755
66 3264
66 3860
66 4848
66 4336
66 3849
66 3026
66 4315
66 3753
66 4663
66 5007
66 3055
66 3056
66 5100
66 4786
67 4313
67 4228
67 4740
67 4603
67 2912
67 4578
67 4861
67 5000
67 3145
67 2950
67 5393
67 3417
67 4693
67 4777
67 3765
68 5522
68 4060
68 5549
68 3715
68 3186
68 3051
68 4555
68 2893
68 5239
68 2826
68 5034
68 3213
68 4240
68 3455
68 4844
69 4665
69 3099
69 2801
69 3332
69 3146
69 5052
69 5144
69 5051
69 4930
69 3066
69 2942
69 3147
69 2815
69 3847
69 5534
70 3566
70 4242
70 2792
70 3779
70 3023
70 4981
70 4398
70 5577
70 5299
70 4567
70 4621
70 4604
70 4853
70 5222
70 3534
71 4876
71 4917
71 3297
71 4532
71 5068
71 2962
71 4161
71 3687
71 3693
71 4369
71 4501
71 3323
71 5271
71 3474
71 4616
72 4260
72 3491
72 5014
72 2846
72 3759
72 3367
72 3335
72 2799
72 5136
72 5558
72 3780
72 5078
72 5340
72 4856
72 4536
73 3171
73 5013
73 3190
73 3769
73 3950
73 3510
73 4300
73 3774
73 3198
73 4997
73 4204
73 3165
73 5251
73 2812
73 3907
74 4155
74 3865
74 3235
74 4037
74 2852
74 2861
74 5391
74 3643
74 3381
74 4043
74 4803
74 5283
74 4846
74 3028
74 4431
75 4514
75 4895
75 4449
75 3665
75 5010
75 4478
75 4601
75 4557
75 3139
75 4886
75 4586
75 4206
75 4066
75 3750
75 4546
76 3662
76 4636
76 3501
76 4040
76 3173
76 5570
76 4904
76 3794
76 5028
76 5563
76 3460
76 3688
76 4311
76 5044
76 4097
77 3689
77 2833
77 3454
77 4269
77 4753
77 5392
77 3385
77 3857
77 4690
77 4094
77 3156
77 5543
77 5355
77 3570
77 5506
78 4237
78 2992
78 5206
78 5116
78 3398
78 4028
78 5419
78 5466
78 4056
78 4705
78 3450
78 3382
78 4681
78 4326
78 4194
79 3281
79 4924
79 3858
79 3673
79 4703
79 5296
79 5173
79 4626
79 3562
79 4529
79 2916
79 4674
79 4875
79 3681
79 4624
80 5285
80 3706
80 5153
80 4177
80 3990
80 4890
80 3727
80 4181
80 4975
80 3704
80 4253
80 2863
80 4484
80 4288
80 3153
81 3132
81 4000
81 5126
81 2896
81 5468
81 4154
81 3639
81 3716
81 4716
81 3736
81 4525
81 3267
81 4457
81 4969
81 4052
82 3279
82 5328
82 4992
82 3760
82 4823
82 4032
82 4283
82 3602
82 3195
82 2793
82 2806
82 4110
82 4866
82 3686
82 3808
83 2997
83 4734
83 5347
83 3599
83 4078
83 3308
83 5217
83 4209
83 3591
83 4004
83 3312
83 3666
83 3230
83 2807
83 5432
84 3307
84 3552
84 4620
84 4583
84 3564
84 5207
84 4907
84 5160
84 5430
84 3867
84 4784
84 3674
84 3631
84 5118
84 3352
85 4556
85 2888
85 4344
85 3075
85 2897
85 4751
85 5423
85 5455
85 2800
85 3325
85 5009
85 5407
85 5362
85 4127
85 3994
86 5262
86 5450
86 3447
86 4272
86 4102
86 4014
86 4096
86 4090
86 3185
86 3630
86 3859
86 4808
86 3490
86 3901
86 4724
87 2902
87 3444
87 3253
87 2818
87 3530
87 4255
87 3106
87 5560
87 5050
87 5188
87 5306
87 3658
87 5278
87 3517
87 4571
88 3613
88 5406
88 4062
88 3489
88 3612
88 5024
88 4779
88 4368
88 3531
88 3182
88 5018
88 4086
88 5386
88 4570
88 4187
89 4175
89 3154
89 3205
89 3586
89 5400
89 4936
89 4824
89 2929
89 3712
89 3724
89 5413
89 4805
89 5102
89 3254
89 5254
90 3789
90 2843
90 3572
90 5132
90 3409
90 3046
90 4788
90 3373
90 2901
90 3997
90 5562
90 4908
90 3244
90 4774
90 5517
91 3061
91 5535
91 3533
91 3298
91 4358
91 5224
91 4563
91 4406
91 4238
91 5311
91 4754
91 5106
91 3475
91 3635
91 5261
92 3785
92 4475
92 5373
92 5072
92 4542
92 3384
92 4687
92 4267
92 3172
92 4310
92 5515
92 4044
92 5190
92 5033
92 5057
93 2810
93 4731
93 5529
93 5524
93 4864
93 3874
93 4020
93 4197
93 3937
93 4126
93 3878
93 5312
93 3701
93 3277
93 4489
94 5559
94 3245
94 3487
94 4517
94 3414
94 3664
94 3317
94 5139
94 4675
94 3752
94 3844
94 3445
94 3839
94 3329
94 3210
95 3012
95 4506
95 3240
95 4046
95 5133
95 4958
95 5435
95 3232
95 3166
95 3069
95 4957
95 5512
95 3547
95 4239
95 3492
96 5087
96 5216
96 4112
96 3969
96 4101
96 5384
96 4376
96 3157
96 4845
96 4800
96 4573
96 2892
96 3142
96 2975
96 3909
97 2914
97 5525
97 5541
97 3479
97 3350
97 5434
97 4822
97 4664
97 4756
97 4447
97 5174
97 4606
97 5300
97 4814
97 5439
98 3862
98 3600
98 3439
98 5225
98 4401
98 4793
98 3038
98 4639
98 5354
98 5298
98 4392
98 3524
98 3920
98 3400
98 5540
99 4464
99 5023
99 3140
99 4185
99 5056
99 5037
99 5445
99 5260
99 2879
99 3614
99 4509
99 4695
99 3896
99 4474
99 2869
100 3226
100 4153
100 3933
100 4618
100 3043
100 5401
100 4163
100 4059
100 5089
100 5387
100 5035
100 2857
100 3932
100 3824
100 2925
101 3004
101 4215
101 5228
101 5309
101 4467
101 4896
101 5504
101 5341
101 4222
101 2905
101 4270
101 4643
101 3206
101 4673
101 4658
102 4971
102 5513
102 4994
102 4070
102 5273
102 3481
102 4403
102 3992
102 5484
102 3557
102 5486
102 4382
102 4513
102 4574
102 4278
103 4339
103 5482
103 3345
103 5467
103 5158
103 5017
103 3467
103 5338
103 4813
103 4637
103 4538
103 5465
103 3966
103 5020
103 3008
104 3764
104 4879
104 3090
104 3822
104 3159
104 3974
104 5553
104 4049
104 3678
104 3037
104 3967
104 3787
104 5316
104 3002
104 3537
105 4217
105 4689
105 5049
105 3093
105 5492
105 4508
105 4842
105 4258
105 4841
105 3062
105 4191
105 3805
105 3305
105 2945
105 4064
106 4073
106 4799
106 3256
106 3201
106 3654
106 3667
106 5096
106 5548
106 2854
106 3841
106 4650
106 3316
106 4755
106 4597
106 3993
107 3233
107 3978
107 5229
107 3426
107 2979
107 3563
107 5134
107 5568
107 4305
107 3618
107 4649
107 3526
107 4323
107 4750
107 3163
108 5351
108 4485
108 5054
108 4609
108 3007
108 2884
108 2953
108 3633
108 3669
108 3024
108 4022
108 3763
108 4729
108 3149
108 5164
109 4476
109 2817
109 5575
109 4106
109 4694
109 4243
109 4493
109 3601
109 4533
109 3685
109 2899
109 4330
109 5227
109 5487
109 5019
110 3744
110 5142
110 4001
110 3646
110 2811
110 4872
110 4554
110 3979
110 4387
110 2830
110 4277
110 4225
110 5443
110 4346
110 4013
111 4100
111 4660
111 4986
111 2991
111 2835
111 3717
111 3103
111 5169
111 3771
111 3252
111 5156
111 4445
111 4125
111 4131
111 4849
112 4250
112 4350
112 3743
112 3120
112 5367
112 4268
112 5495
112 5124
112 4417
112 4502
112 4292
112 2978
112 5210
112 4438
112 5503
113 3539
113 3608
113 3504
113 3565
113 4545
113 3905
113 2985
113 3723
113 5417
113 5005
113 4019
113 4190
113 3300
113 3270
113 3396
114 4120
114 3346
114 5557
114 3429
114 4050
114 3799
114 4796
114 3742
114 3514
114 3830
114 4133
114 3986
114 5269
114 4482
114 4216
115 3369
115 4492
115 3187
115 4702
115 4662
115 4772
115 4589
115 4520
115 3597
115 3580
115 4012
115 3962
115 5444
115 4364
115 4884
116 3980
116 3480
116 4468
116 4710
116 4249
116 4212
116 4976
116 3988
116 3606
116 3238
116 5162
116 5065
116 4246
116 3125
116 3164
117 4948
117 4448
117 3068
117 4195
117 4316
117 4901
117 5290
117 4679
117 3571
117 4559
117 5223
117 4361
117 3048
117 5472
117 5111
118 4790
118 4561
118 3389
118 3574
118 4068
118 3372
118 5042
118 4021
118 3963
118 2941
118 5346
118 5530
118 5494
118 4241
118 3222
119 3776
119 4002
119 4979
119 3999
119 3989
119 4074
119 5566
119 4691
119 5532
119 5090
119 5085
119 5288
119 5140
119 3695
119 3268
120 3507
120 4104
120 2882
120 4999
120 4972
120 3065
120 4302
120 4322
120 3941
120 4599
120 5008
120 5103
120 4426
120 5176
120 5353
121 3942
121 5383
121 5433
121 5339
121 3115
121 3318
121 5538
121 5551
121 4511
121 3494
121 3425
121 4521
121 3327
121 3838
121 4232
122 2998
122 3453
122 4433
122 4806
122 4771
122 3031
122 4295
122 3707
122 3370
122 5025
122 3422
122 4016
122 4279
122 3651
122 4275
123 3955
123 3193
123 3466
123 3188
123 3623
123 3650
123 2813
123 4565
123 4254
123 4199
123 3493
123 2958
123 4143
123 3311
123 3656
124 3134
124 3870
124 3344
124 3883
124 4169
124 3091
124 4151
124 3684
124 4550
124 3904
124 3610
124 4088
124 4427
124 3446
124 4715
125 3807
125 5105
125 3568
125 4351
125 3383
125 3829
125 3777
125 4202
125 3660
125 4006
125 5415
125 3353
125 4036
125 4566
125 5329
126 4396
126 5125
126 3108
126 3518
126 4617
126 4166
126 5536
126 3767
126 4854
126 4394
126 5070
126 4480
126 2862
126 3045
126 3224
127 4173
127 4312
127 4530
127 4852
127 3170
127 3918
127 4469
127 3636
127 3984
127 4832
127 5469
127 5556
127 4296
127 3285
127 4109
128 4993
128 4338
128 3123
128 4430
128 3407
128 2989
128 2808
128 4138
128 5214
128 5244
128 3914
128 5011
128 5234
128 5448
128 4307
129 4065
129 3900
129 4929
129 4623
129 3291
129 3889
129 4003
129 4085
129 4124
129 4818
129 4355
129 4015
129 4390
129 4356
129 5308
130 3773
130 4932
130 3542
130 4301
130 4816
130 3692
130 5238
130 3000
130 3100
130 4030
130 4579
130 5365
130 3714
130 5129
130 3259
131 4424
131 4136
131 4256
131 5396
131 4054
131 4320
131 5088
131 4830
131 4340
131 2871
131 3821
131 4321
131 5021
131 5246
131 3036
132 4200
132 3675
132 4640
132 3424
132 4759
132 3894
132 4833
132 3107
132 4871
132 4677
132 3705
132 5304
132 2798
132 3982
132 4672
133 3598
133 3840
133 3010
133 3972
133 4454
133 3991
133 2932
133 3876
133 3204
133 2931
133 3299
133 3499
133 3888
133 4235
133 4214
134 3584
134 3364
134 3215
134 2971
134 5258
134 3749
134 4553
134 3515
134 4688
134 4033
134 4192
134 4244
134 2907
134 5385
134 3615
135 3746
135 3826
135 4089
135 4899
135 5381
135 4462
135 5083
135 3162
135 4733
135 5502
135 3595
135 5121
135 3053
135 3546
135 4535
136 4414
136 3735
136 4946
136 3922
136 5230
136 3079
136 3432
136 4176
136 5152
136 2994
136 3745
136 5268
136 5412
136 3544
136 3616
137 4095
137 4027
137 5058
137 4594
137 3925
137 3947
137 4366
137 3155
137 3368
137 3225
137 3041
137 3694
137 5281
137 5399
137 3634
138 3410
138 5447
138 4727
138 2898
138 3101
138 2891
138 2946
138 5368
138 4147
138 4218
138 3262
138 3349
138 3527
138 3174
138 4950
139 4223
139 5040
139 2864
139 4011
139 2948
139 4572
139 5531
139 5471
139 4828
139 4400
139 3882
139 5437
139 4055
139 4500
139 3413
140 4380
140 4248
140 2930
140 3209
140 4226
140 3194
140 4769
140 5332
140 3387
140 3899
140 3114
140 5395
140 5172
140 3731
140 3505
141 3321
141 5567
141 4745
141 5569
141 3151
141 2952
141 4655
141 5150
141 2955
141 4353
141 3399
141 4304
141 3085
141 3647
141 4996
142 4605
142 4276
142 4667
142 3462
142 4463
142 3954
142 3996
142 4082
142 3179
142 4371
142 4974
142 4051
142 5184
142 4079
142 4983
143 4504
143 5358
143 3698
143 5101
143 4031
143 3131
143 5375
143 2881
143 3884
143 3438
143 4666
143 4385
143 4107
143 3196
143 3607
144 4760
144 3579
144 3488
144 5544
144 4434
144 5314
144 5511
144 4812
144 3274
144 3072
144 3304
144 4955
144 3203
144 5462
144 4412
145 3502
145 4450
145 3709
145 5480
145 2983
145 2923
145 3626
145 4093
145 4938
145 4883
145 3212
145 2951
145 5297
145 4261
145 4205
146 5489
146 3152
146 3457
146 4951
146 2917
146 4887
146 4739
146 4273
146 4377
146 5213
146 3192
146 5518
146 4234
146 4927
146 4324
147 4053
147 4213
147 5295
147 5108
147 4923
147 4282
147 3380
147 5554
147 3538
147 2939
147 2874
147 5265
147 5545
147 4405
147 5218
148 3912
148 4164
148 4757
148 4781
148 4293
148 4411
148 5241
148 4347
148 4628
148 4381
148 3809
148 4123
148 4712
148 4889
148 5409
149 4329
149 5481
149 5067
149 4585
149 5572
149 4141
149 3482
149 2922
149 4479
149 3073
149 5226
149 3243
149 5382
149 5205
149 3366
150 4114
150 4317
150 3781
150 5315
150 4668
150 5336
150 4625
150 3535
150 4152
150 4608
150 3697
150 4281
150 4874
150 4789
150 5533
151 4825
151 5286
151 2820
151 4619
151 2968
151 4189
151 4289
151 5279
151 4415
151 5370
151 4713
151 4167
151 5266
151 4632
151 4245
152 3814
152 4870
152 4453
152 4843
152 3104
152 4582
152 2797
152 3797
152 3250
152 4641
152 3832
152 3551
152 2966
152 3180
152 4118
153 3558
153 3513
153 2995
153 3029
153 4384
153 3020
153 3116
153 3957
153 3040
153 4091
153 3737
153 5319
153 3961
153 3070
153 3908
154 5452
154 4257
154 4797
154 4758
154 3891
154 3361
154 4157
154 3596
154 2957
154 5178
154 3699
154 3811
154 3260
154 3005
154 5046
155 5036
155 2794
155 3796
155 2839
155 3711
155 5151
155 3926
155 3739
155 3622
155 5038
155 4024
155 3617
155 5185
155 4008
155 3082
156 2880
156 5337
156 4428
156 3813
156 5093
156 5546
156 4291
156 5431
156 4944
156 5232
156 3272
156 5488
156 4914
156 5397
156 5458
157 3365
157 3708
157 4425
157 4496
157 4614
157 3087
157 5475
157 5490
157 5528
157 3127
157 3220
157 4686
157 5287
157 5006
157 3301
158 5493
158 5053
158 3576
158 4549
158 3014
158 4817
158 4481
158 4741
158 5091
158 4456
158 5074
158 4418
158 5576
158 5555
158 3096
159 4274
159 4039
159 4265
159 3459
159 2915
159 5366
159 3567
159 3358
159 3443
159 5344
159 3427
159 4303
159 4092
159 4918
159 3394
160 2919
160 3402
160 2889
160 5390
160 4057
160 3341
160 3877
160 3655
160 3946
160 3837
160 4925
160 3340
160 3336
160 4297
160 4231
161 5029
161 3561
161 5474
161 4007
161 3903
161 4360
161 5479
161 3977
161 3619
161 4495
161 4965
161 4337
161 4471
161 5212
161 4527
162 3315
162 3221
162 4116
162 5180
162 3255
162 3893
162 3241
162 5547
162 4365
162 3649
162 3652
162 4926
162 5476
162 5371
162 5198
163 3906
163 3733
163 5115
163 3218
163 5276
163 4900
163 3495
163 3648
163 4144
163 2963
163 4399
163 5322
163 3887
163 3411
163 4714
164 2890
164 3088
164 4647
164 4230
164 5199
164 3757
164 3812
164 3001
164 4962
164 5171
164 5154
164 3202
164 4577
164 3995
164 3798
165 5187
165 3968
165 5099
165 3880
165 3484
165 4359
165 5168
165 3451
165 2996
165 4262
165 3642
165 3126
165 4442
165 5440
165 3761
166 5527
166 2927
166 3249
166 2988
166 5323
166 4528
166 3077
166 3357
166 2791
166 3111
166 4182
166 3374
166 2911
166 5004
166 4041
167 3461
167 3881
167 3184
167 4685
167 5464
167 4436
167 5063
167 4982
167 4722
167 4696
167 4439
167 4698
167 3854
167 3720
167 4208
168 5069
168 3886
168 4580
168 2933
168 3659
168 5331
168 5521
168 4251
168 2934
168 4076
168 3831
168 4809
168 4108
168 3819
168 3816
169 3582
169 4964
169 3160
169 3818
169 4919
169 4905
169 5123
169 4711
169 3122
169 2855
169 3793
169 3013
169 2913
169 4416
169 4512
170 3452
170 3620
170 5219
170 3071
170 5363
170 5196
170 3296
170 5451
170 4084
170 2959
170 5454
170 4171
170 3740
170 3668
170 3871
171 2943
171 4378
171 3049
171 3543
171 4802
171 2805
171 4156
171 4280
171 3509
171 3351
171 3112
171 2967
171 5449
171 2795
171 3133
172 5496
172 4635
172 3556
172 5197
172 5421
172 4657
172 4309
172 4892
172 3898
172 3290
172 2850
172 4795
172 3943
172 4325
172 5149
173 3363
173 5374
173 5379
173 3006
173 4432
173 4671
173 5509
173 4787
173 4916
173 2816
173 4613
173 3033
173 5282
173 5264
173 4592
174 5062
174 2921
174 3216
174 5233
174 2848
174 4069
174 5498
174 3627
174 4967
174 2987
174 4375
174 4988
174 5292
174 4913
174 3295
175 3621
175 5574
175 3044
175 5175
175 3935
175 3471
175 4748
175 4486
175 4765
175 3589
175 3067
175 3379
175 4207
175 3288
175 4458
176 5463
176 3848
176 3247
176 3464
176 4518
176 5127
176 5165
176 4048
176 3412
176 3843
176 4357
176 3015
176 3795
176 4193
176 5499
177 5259
177 5461
177 4132
177 5565
177 4263
177 3348
177 4170
177 5302
177 3911
177 3964
177 3951
177 4970
177 4421
177 5073
177 5519
178 3741
178 3042
178 5200
178 2853
178 3435
178 5456
178 2837
178 3820
178 3169
178 3834
178 3378
178 4537
178 3944
178 3766
178 3915
179 2834
179 3585
179 4229
179 4593
179 4115
179 4429
179 3696
179 3371
179 4505
179 3927
179 3234
179 4526
179 5414
179 3278
179 5398
180 3406
180 4042
180 5252
180 3469
180 5082
180 4419
180 4519
180 3802
180 3690
180 4891
180 3263
180 4558
180 5289
180 3917
180 4149
181 5192
181 3934
181 3827
181 4221
181 4397
181 4444
181 5327
181 3477
181 4721
181 4928
181 5301
181 5092
181 4767
181 4897
181 4587
182 5041
182 4103
182 5002
182 3390
182 5293
182 3503
182 5114
182 3089
182 3310
182 5157
182 3136
182 3846
182 3593
182 2841
182 3161
183 3289
183 3320
183 2832
183 4723
183 2990
183 4792
183 3354
183 3734
183 3211
183 4327
183 3661
183 2974
183 4018
183 3019
183 4080
184 4782
184 3609
184 2828
184 3890
184 4023
184 3921
184 5284
184 4963
184 4873
184 3418
184 4829
184 4732
184 5516
184 2970
184 4644
185 2877
185 2910
185 3559
185 3625
185 4633
185 2926
185 4595
185 5253
185 5428
185 3583
185 5294
185 3768
185 4443
185 5059
185 3836
186 5333
186 3521
186 4404
186 3629
186 2838
186 4183
186 4747
186 3144
186 2870
186 4460
186 2904
186 2840
186 3468
186 3897
186 5107
